Time	CellId	RNTI	BWPId	SINR(dB)
7.1427e-05	1	0	0	22.4876
7.1427e-05	3	0	0	17.6856
0.00507143	1	0	0	21.0411
0.00507143	3	0	0	18.8733
0.0100714	1	0	0	21.518
0.0100714	3	0	0	15.2659
0.0150714	1	0	0	21.0955
0.0150714	3	0	0	13.0507
0.0200714	1	0	0	21.1751
0.0200714	3	0	0	14.187
0.0240714	1	1	0	43.0955
0.0250714	1	1	0	20.6214
0.0250714	3	1	0	17.8987
0.0300714	1	1	0	21.2579
0.0300714	3	1	0	15.92
0.0350714	1	1	0	20.8552
0.0350714	3	1	0	12.2268
0.0400714	1	1	0	23.4618
0.0400714	3	1	0	12.6693
0.0450714	1	1	0	22.6613
0.0450714	3	1	0	18.1013
0.0500714	1	1	0	20.3406
0.0500714	3	1	0	16.3689
0.0550714	1	1	0	22.3185
0.0550714	3	1	0	11.3736
0.0600714	1	1	0	20.8941
0.0600714	3	1	0	10.8201
0.0650714	1	1	0	19.3047
0.0650714	3	1	0	13.6846
0.0700714	1	1	0	18.947
0.0700714	3	1	0	15.8559
0.0750714	1	1	0	19.5808
0.0750714	3	1	0	11.4203
0.0800714	1	1	0	18.0839
0.0800714	3	1	0	9.53861
0.0850714	1	1	0	18.1296
0.0850714	3	1	0	11.4421
0.0900714	1	1	0	18.7362
0.0900714	3	1	0	15.0038
0.0950714	1	1	0	18.1457
0.0950714	3	1	0	12.1078
0.100071	1	1	0	16.8241
0.100071	3	1	0	9.30706
0.104071	1	1	0	41.2467
0.105071	1	1	0	16.1837
0.105071	3	1	0	11.5636
0.110071	1	1	0	17.4301
0.110071	3	1	0	15.8524
0.115071	1	1	0	17.7141
0.115071	3	1	0	13.1488
0.120071	1	1	0	18.4095
0.120071	3	1	0	9.65497
0.125071	1	1	0	20.1447
0.125071	3	1	0	9.79495
0.130071	1	1	0	21.1639
0.130071	3	1	0	14.7867
0.135071	1	1	0	21.6277
0.135071	3	1	0	14.2129
0.140071	1	1	0	20.7518
0.140071	3	1	0	9.49326
0.145071	1	1	0	20.5563
0.145071	3	1	0	8.56205
0.150071	1	1	0	19.1596
0.150071	3	1	0	12.3759
0.155071	1	1	0	18.7365
0.155071	3	1	0	16.0861
0.160071	1	1	0	18.7102
0.160071	3	1	0	9.7309
0.165071	1	1	0	17.766
0.165071	3	1	0	8.31647
0.170071	1	1	0	19.1463
0.170071	3	1	0	11.068
0.175071	1	1	0	18.4213
0.175071	3	1	0	14.1019
0.180071	1	1	0	17.1574
0.180071	3	1	0	10.5458
0.184071	1	1	0	41.2555
0.185071	1	1	0	17.8372
0.185071	3	1	0	8.26995
0.190071	1	1	0	17.5534
0.190071	3	1	0	9.91038
0.195071	1	1	0	17.2338
0.195071	3	1	0	15.2355
0.200071	1	1	0	18.0261
0.200071	3	1	0	12.5744
0.205071	1	1	0	19.1908
0.205071	3	1	0	9.07468
0.210071	1	1	0	18.8636
0.210071	3	1	0	10.1283
0.215071	1	1	0	19.9343
0.215071	3	1	0	16.3987
0.220071	1	1	0	20.768
0.220071	3	1	0	14.5251
0.225071	1	1	0	21.5428
0.225071	3	1	0	9.90469
0.230071	1	1	0	21.3485
0.230071	3	1	0	9.26872
0.235071	1	1	0	20.3589
0.235071	3	1	0	14.0354
0.240071	1	1	0	20.7159
0.240071	3	1	0	17.8899
0.245071	1	1	0	19.4136
0.245071	3	1	0	10.6876
0.250071	1	1	0	20.7971
0.250071	3	1	0	8.75963
0.255071	1	1	0	20.7223
0.255071	3	1	0	11.9586
0.260071	1	1	0	20.0926
0.260071	3	1	0	17.2366
0.264071	1	1	0	41.0079
0.265071	1	1	0	23.1808
0.265071	3	1	0	11.3745
0.270071	1	1	0	20.8456
0.270071	3	1	0	9.52122
0.275071	1	1	0	19.3221
0.275071	3	1	0	11.3038
0.280071	1	1	0	18.3036
0.280071	3	1	0	16.087
0.285071	1	1	0	19.3497
0.285071	3	1	0	13.6166
0.290071	1	1	0	18.995
0.290071	3	1	0	9.83826
0.295071	1	1	0	18.9834
0.295071	3	1	0	11.3819
0.300071	1	1	0	19.8142
0.300071	3	1	0	19.2964
0.305071	1	1	0	20.0613
0.305071	3	1	0	15.7051
0.310071	1	1	0	21.6267
0.310071	3	1	0	10.6024
0.315071	1	1	0	18.6099
0.315071	3	1	0	10.2407
0.320071	1	1	0	19.5946
0.320071	3	1	0	19.5573
0.325071	1	1	0	18.496
0.325071	3	1	0	18.3157
0.330071	1	1	0	18.9493
0.330071	3	1	0	11.7442
0.335071	1	1	0	20.4056
0.335071	3	1	0	10.335
0.340071	1	1	0	20.2793
0.340071	3	1	0	13.9891
0.344071	1	1	0	40.1037
0.345071	1	1	0	22.3532
0.345071	3	1	0	18.9477
0.350071	1	1	0	22.2497
0.350071	3	1	0	12.8323
0.355071	1	1	0	22.5704
0.355071	3	1	0	9.58072
0.360071	1	1	0	19.6746
0.360071	3	1	0	12.8234
0.365071	1	1	0	18.9401
0.365071	3	1	0	17.6073
0.370071	1	1	0	20.0935
0.370071	3	1	0	13.2304
0.375071	1	1	0	18.8167
0.375071	3	1	0	9.78844
0.380071	1	1	0	19.1331
0.380071	3	1	0	10.5468
0.385071	1	1	0	18.7266
0.385071	3	1	0	18.3802
0.390071	1	1	0	17.8439
0.390071	3	1	0	14.6965
0.395071	1	1	0	17.9304
0.395071	3	1	0	10.3747
0.400071	1	1	0	18.5685
0.400071	3	1	0	11.8617
0.405071	1	1	0	18.9422
0.405071	3	1	0	18.0921
0.410071	1	1	0	19.4143
0.410071	3	1	0	19.1248
0.413071	1	1	0	19.2414
0.413071	3	1	0	19.0675
0.414071	1	1	0	19.3421
0.414071	3	1	0	12.2218
0.415071	1	1	0	19.9925
0.415071	3	1	0	12.7441
0.416071	1	1	0	19.8925
0.416071	3	1	0	24.8991
0.417071	1	1	0	20.0939
0.417071	3	1	0	11.7329
0.418071	1	1	0	18.761
0.418071	3	1	0	14.0833
0.419071	1	1	0	18.5483
0.419071	3	1	0	25.8641
0.420071	1	1	0	19.9026
0.420071	3	1	0	11.2963
0.424071	1	1	0	40.9041
0.425071	1	1	0	20.9881
0.425071	3	1	0	15.7845
0.430071	1	1	0	23.1298
0.430071	3	1	0	21.5162
0.435071	1	1	0	23.1374
0.435071	3	1	0	14.3715
0.440071	1	1	0	21.3716
0.440071	3	1	0	11.9961
0.445071	1	1	0	19.412
0.445071	3	1	0	14.6428
0.450071	1	1	0	21.2418
0.450071	3	1	0	24.8796
0.455071	1	1	0	19.4989
0.455071	3	1	0	17.5135
0.460071	1	1	0	19.4589
0.460071	3	1	0	12.7082
0.465071	1	1	0	19.8363
0.465071	3	1	0	14.0818
0.470071	1	1	0	18.9211
0.470071	3	1	0	24.0607
0.475071	1	1	0	21.4203
0.475071	3	1	0	18.3044
0.480071	1	1	0	18.5767
0.480071	3	1	0	12.6824
0.485071	1	1	0	19.8482
0.485071	3	1	0	13.2539
0.490071	1	1	0	18.9779
0.490071	3	1	0	20.6579
0.495071	1	1	0	19.9029
0.495071	3	1	0	21.5166
0.500071	1	1	0	19.1995
0.500071	3	1	0	14.5919
0.504071	1	1	0	40.1153
0.505071	1	1	0	18.7616
0.505071	3	1	0	13.5434
0.510071	1	1	0	21.1497
0.510071	3	1	0	18.1089
0.515071	1	1	0	22.1618
0.515071	3	1	0	25.837
0.520071	1	1	0	23.7073
0.520071	3	1	0	15.6833
0.525071	1	1	0	21.3315
0.525071	3	1	0	13.338
0.530071	1	1	0	22.5172
0.530071	3	1	0	18.7271
0.535071	1	1	0	21.4878
0.535071	3	1	0	26.1579
0.540071	1	1	0	20.4848
0.540071	3	1	0	19.7682
0.545071	1	1	0	21.9397
0.545071	3	1	0	14.4939
0.550071	1	1	0	20.9534
0.550071	3	1	0	16.8142
0.555071	1	1	0	21.0732
0.555071	3	1	0	24.1867
0.560071	1	1	0	19.917
0.560071	3	1	0	24.693
0.565071	1	1	0	20.572
0.565071	3	1	0	14.5785
0.570071	1	1	0	18.5651
0.570071	3	1	0	14.973
0.575071	1	1	0	19.2304
0.575071	3	1	0	22.3658
0.580071	1	1	0	20.779
0.580071	3	1	0	25.6379
0.584071	1	1	0	39.5308
0.585071	1	1	0	18.5618
0.585071	3	1	0	15.651
0.590071	1	1	0	20.3214
0.590071	3	1	0	14.4124
0.595071	1	1	0	19.2656
0.595071	3	1	0	21.2457
0.600071	1	1	0	20.5194
0.600071	3	1	0	28.039
0.605071	1	1	0	19.1452
0.605071	3	1	0	18.5153
0.610071	1	1	0	21.9292
0.610071	3	1	0	16.1127
0.615071	1	1	0	22.4155
0.615071	3	1	0	22.3359
0.620071	1	1	0	21.3628
0.620071	3	1	0	23.8928
0.625071	1	1	0	22.2427
0.625071	3	1	0	24.0961
0.630071	1	1	0	21.3884
0.630071	3	1	0	15.7755
0.635071	1	1	0	22.0107
0.635071	3	1	0	17.8116
0.640071	1	1	0	23.0462
0.640071	3	1	0	23.6454
0.645071	1	1	0	21.831
0.645071	3	1	0	25.5174
0.650071	1	1	0	20.5866
0.650071	3	1	0	15.8491
0.655071	1	1	0	20.2114
0.655071	3	1	0	16.0541
0.660071	1	1	0	22.1511
0.660071	3	1	0	23.5837
0.664071	1	1	0	41.1239
0.665071	1	1	0	23.0676
0.665071	3	1	0	26.1098
0.670071	1	1	0	22.1714
0.670071	3	1	0	16.6381
0.675071	1	1	0	23.1395
0.675071	3	1	0	16.5061
0.680071	1	1	0	21.3759
0.680071	3	1	0	21.8249
0.685071	1	1	0	20.577
0.685071	3	1	0	27.4524
0.690071	1	1	0	20.3131
0.690071	3	1	0	19.623
0.695071	1	1	0	22.1194
0.695071	3	1	0	15.9678
0.700071	1	1	0	22.5644
0.700071	3	1	0	20.342
0.705071	1	1	0	23.0487
0.705071	3	1	0	26.7893
0.710071	1	1	0	21.2032
0.710071	3	1	0	22.593
0.715071	1	1	0	20.2691
0.715071	3	1	0	17.4776
0.720071	1	1	0	19.9553
0.720071	3	1	0	20.3887
0.725071	1	1	0	19.5847
0.725071	3	1	0	25.7346
0.730071	1	1	0	21.9739
0.730071	3	1	0	26.3143
0.735071	1	1	0	17.7207
0.735071	3	1	0	17.7549
0.740071	1	1	0	19.8566
0.740071	3	1	0	21.7537
0.744071	1	1	0	40.3022
0.745071	1	1	0	20.3625
0.745071	3	1	0	24.3093
0.750071	1	1	0	21.9504
0.750071	3	1	0	26.7037
0.755071	1	1	0	23.4314
0.755071	3	1	0	19.5413
0.760071	1	1	0	22.641
0.760071	3	1	0	18.0497
0.765071	1	1	0	20.4263
0.765071	3	1	0	25.9402
0.770071	1	1	0	18.9651
0.770071	3	1	0	25.6677
0.775071	1	1	0	22.708
0.775071	3	1	0	20.4472
0.780071	1	1	0	19.6947
0.780071	3	1	0	18.9964
0.785071	1	1	0	22.2481
0.785071	3	1	0	25.6837
0.790071	1	1	0	22.3467
0.790071	3	1	0	26.5929
0.795071	1	1	0	19.2352
0.795071	3	1	0	23.0597
0.800071	1	1	0	21.6833
0.800071	3	1	0	18.8643
0.805071	1	1	0	20.9749
0.805071	3	1	0	27.2376
0.810071	1	1	0	20.3264
0.810071	3	1	0	25.1562
0.815071	1	1	0	21.2545
0.815071	3	1	0	25.072
0.820071	1	1	0	19.5289
0.820071	3	1	0	20.3248
0.824071	1	1	0	39.3861
0.825071	1	1	0	17.9774
0.825071	3	1	0	23.0564
0.830071	1	1	0	18.6902
0.830071	3	1	0	26.0978
0.835071	1	1	0	23.2406
0.835071	3	1	0	29.1862
0.840071	1	1	0	21.6618
0.840071	3	1	0	21.3552
0.845071	1	1	0	22.1336
0.845071	3	1	0	20.7955
0.850071	1	1	0	19.3813
0.850071	3	1	0	27.0818
0.855071	1	1	0	19.6946
0.855071	3	1	0	29.3356
0.860071	1	1	0	18.2782
0.860071	3	1	0	25.3897
0.865071	1	1	0	19.8585
0.865071	3	1	0	20.5232
0.870071	1	1	0	19.3604
0.870071	3	1	0	29.9881
0.875071	1	1	0	20.3549
0.875071	3	1	0	25.3678
0.880071	1	1	0	23.3689
0.880071	3	1	0	25.7505
0.885071	1	1	0	21.1622
0.885071	3	1	0	21.8984
0.890071	1	1	0	19.3436
0.890071	3	1	0	23.5921
0.895071	1	1	0	18.9394
0.895071	3	1	0	26.5279
0.900071	1	1	0	21.1498
0.900071	3	1	0	26.5619
0.904071	1	1	0	38.2277
0.905071	1	1	0	19.0013
0.905071	3	1	0	25.1563
0.910071	1	1	0	20.0671
0.910071	3	1	0	24.3318
0.915071	1	1	0	20.0216
0.915071	3	1	0	25.1758
0.920071	1	1	0	20.9658
0.920071	3	1	0	27.3818
0.925071	1	1	0	19.726
0.925071	3	1	0	24.1545
0.930071	1	1	0	20.2785
0.930071	3	1	0	24.6622
0.935071	1	1	0	20.3265
0.935071	3	1	0	26.8852
0.940071	1	1	0	18.1918
0.940071	3	1	0	29.9708
0.945071	1	1	0	15.5205
0.945071	3	1	0	27.1003
0.950071	1	1	0	16.5807
0.950071	3	1	0	23.0038
0.955071	1	1	0	19.7589
0.955071	3	1	0	29.8481
0.960071	1	1	0	20.7809
0.960071	3	1	0	28.4197
0.965071	1	1	0	21.5072
0.965071	3	1	0	26.5776
0.970071	1	1	0	17.8829
0.970071	3	1	0	22.0328
0.975071	1	1	0	19.3723
0.975071	3	1	0	25.855
0.980071	1	1	0	18.4061
0.980071	3	1	0	28.5501
0.984071	1	1	0	37.8007
0.985071	1	1	0	19.7929
0.985071	3	1	0	26.5707
0.990071	1	1	0	18.1687
0.990071	3	1	0	24.6665
0.995071	1	1	0	18.6148
0.995071	3	1	0	23.114
