Time(sec)	CellId	BwpId	IMSI	pathLoss(dB)
0	1	0	2	-92.8696
0	3	0	3	-87.9544
0.005	1	0	2	-91.1319
0.005	3	0	3	-86.9236
0.01	1	0	2	-91.1794
0.01	3	0	3	-86.8606
0.015	1	0	2	-91.5086
0.015	3	0	3	-86.9517
0.02	1	0	2	-91.4055
0.02	3	0	3	-87.2608
0.024	1	0	2	-91.4657
0.025	1	0	2	-91.3505
0.025	3	0	3	-87.5897
0.03	1	0	2	-91.5595
0.03	3	0	3	-87.6862
0.035	1	0	2	-91.7897
0.035	3	0	3	-87.8833
0.04	1	0	2	-91.8672
0.04	3	0	3	-88.0565
0.045	1	0	2	-91.6717
0.045	3	0	3	-88.0188
0.05	1	0	2	-91.8426
0.05	3	0	3	-88.5082
0.055	1	0	2	-91.9535
0.055	3	0	3	-88.9947
0.06	1	0	2	-92.0695
0.06	3	0	3	-89.153
0.065	1	0	2	-92.2093
0.065	3	0	3	-89.0651
0.07	1	0	2	-92.2106
0.07	3	0	3	-89.1776
0.075	1	0	2	-92.2415
0.075	3	0	3	-89.5179
0.08	1	0	2	-92.2661
0.08	3	0	3	-89.6004
0.085	1	0	2	-92.1046
0.085	3	0	3	-90.0439
0.09	1	0	2	-92.5201
0.09	3	0	3	-89.8284
0.095	1	0	2	-92.6635
0.095	3	0	3	-89.7486
0.1	1	0	2	-93.163
0.1	3	0	3	-89.7974
0.104	1	0	2	-93.3307
0.105	1	0	2	-93.3204
0.105	3	0	3	-89.8041
0.11	1	0	2	-93.1285
0.11	3	0	3	-90.2268
0.115	1	0	2	-93.1615
0.115	3	0	3	-90.154
0.12	1	0	2	-93.6595
0.12	3	0	3	-90.0893
0.125	1	0	2	-93.4353
0.125	3	0	3	-90.1968
0.13	1	0	2	-93.1469
0.13	3	0	3	-90.1398
0.135	1	0	2	-92.883
0.135	3	0	3	-89.8707
0.14	1	0	2	-93.2103
0.14	3	0	3	-90.009
0.145	1	0	2	-92.9604
0.145	3	0	3	-90.1089
0.15	1	0	2	-93.0526
0.15	3	0	3	-90.1189
0.155	1	0	2	-92.7996
0.155	3	0	3	-90.2877
0.16	1	0	2	-92.9076
0.16	3	0	3	-90.0757
0.165	1	0	2	-93.0611
0.165	3	0	3	-89.9452
0.17	1	0	2	-92.817
0.17	3	0	3	-90.3866
0.175	1	0	2	-92.8253
0.175	3	0	3	-90.6935
0.18	1	0	2	-92.9143
0.18	3	0	3	-90.3408
0.184	1	0	2	-93.24
0.185	1	0	2	-93.0117
0.185	3	0	3	-90.2881
0.19	1	0	2	-92.9827
0.19	3	0	3	-90.1716
0.195	1	0	2	-93.3041
0.195	3	0	3	-90.3031
0.2	1	0	2	-93.3079
0.2	3	0	3	-90.0851
0.205	1	0	2	-93.3407
0.205	3	0	3	-90.1775
0.21	1	0	2	-93.3062
0.21	3	0	3	-89.8266
0.215	1	0	2	-92.8376
0.215	3	0	3	-89.6797
0.22	1	0	2	-92.8545
0.22	3	0	3	-90.0511
0.225	1	0	2	-92.8631
0.225	3	0	3	-89.8134
0.23	1	0	2	-92.86
0.23	3	0	3	-90.0068
0.235	1	0	2	-93.032
0.235	3	0	3	-90.1804
0.24	1	0	2	-93.0612
0.24	3	0	3	-90.1251
0.245	1	0	2	-93.0391
0.245	3	0	3	-90.1522
0.25	1	0	2	-93.2883
0.25	3	0	3	-90.3732
0.255	1	0	2	-93.3635
0.255	3	0	3	-90.1795
0.26	1	0	2	-93.4042
0.26	3	0	3	-89.9712
0.264	1	0	2	-93.6763
0.265	1	0	2	-93.5718
0.265	3	0	3	-89.7658
0.27	1	0	2	-93.7706
0.27	3	0	3	-89.5729
0.275	1	0	2	-93.7494
0.275	3	0	3	-89.6628
0.28	1	0	2	-93.7526
0.28	3	0	3	-89.6217
0.285	1	0	2	-93.7369
0.285	3	0	3	-89.3347
0.29	1	0	2	-93.629
0.29	3	0	3	-89.4434
0.295	1	0	2	-93.8816
0.295	3	0	3	-89.3806
0.3	1	0	2	-94.1129
0.3	3	0	3	-89.0512
0.305	1	0	2	-93.9995
0.305	3	0	3	-89.155
0.31	1	0	2	-94.1875
0.31	3	0	3	-89.0313
0.315	1	0	2	-94.4365
0.315	3	0	3	-89.125
0.32	1	0	2	-94.1191
0.32	3	0	3	-88.9382
0.325	1	0	2	-94.237
0.325	3	0	3	-88.6244
0.33	1	0	2	-93.996
0.33	3	0	3	-88.6651
0.335	1	0	2	-94.0561
0.335	3	0	3	-88.6234
0.34	1	0	2	-93.9831
0.34	3	0	3	-88.7226
0.344	1	0	2	-94.1041
0.345	1	0	2	-94.0892
0.345	3	0	3	-88.7962
0.35	1	0	2	-94.0632
0.35	3	0	3	-88.9501
0.355	1	0	2	-94.0353
0.355	3	0	3	-89.0596
0.36	1	0	2	-94.155
0.36	3	0	3	-89.0517
0.365	1	0	2	-93.5994
0.365	3	0	3	-89.0378
0.37	1	0	2	-93.5948
0.37	3	0	3	-88.7475
0.375	1	0	2	-93.5976
0.375	3	0	3	-88.4813
0.38	1	0	2	-93.873
0.38	3	0	3	-88.521
0.385	1	0	2	-94.0226
0.385	3	0	3	-88.7743
0.39	1	0	2	-94.2345
0.39	3	0	3	-88.5542
0.395	1	0	2	-94.1119
0.395	3	0	3	-88.407
0.4	1	0	2	-93.9715
0.4	3	0	3	-88.1255
0.405	1	0	2	-94.0463
0.405	3	0	3	-88.0237
0.41	1	0	2	-93.8713
0.41	3	0	3	-88.2083
0.413	1	0	2	-93.722
0.413	3	0	3	-88.2705
0.413071	1	0	2	-93.7396
0.413071	3	0	3	-88.2155
0.414	1	0	2	-93.6705
0.414	3	0	3	-88.2169
0.414071	1	0	2	-93.6858
0.414071	3	0	3	-88.2059
0.415	1	0	2	-93.6641
0.415	3	0	3	-88.23
0.415071	1	0	2	-93.6706
0.415071	3	0	3	-88.2506
0.416	1	0	2	-93.745
0.416	3	0	3	-88.2342
0.416071	1	0	2	-93.712
0.416071	3	0	3	-88.2417
0.417	1	0	2	-93.6584
0.417	3	0	3	-88.2191
0.417071	1	0	2	-93.6542
0.417071	3	0	3	-88.1764
0.418	1	0	2	-93.6404
0.418	3	0	3	-88.1612
0.418071	1	0	2	-93.6581
0.418071	3	0	3	-88.1655
0.419	1	0	2	-93.5951
0.419	3	0	3	-88.2651
0.419071	1	0	2	-93.6369
0.419071	3	0	3	-88.2624
0.42	1	0	2	-93.6378
0.42	3	0	3	-88.3875
0.424	1	0	2	-93.4661
0.425	1	0	2	-93.4216
0.425	3	0	3	-88.3299
0.43	1	0	2	-93.6408
0.43	3	0	3	-88.2051
0.435	1	0	2	-93.7221
0.435	3	0	3	-88.6245
0.44	1	0	2	-94.021
0.44	3	0	3	-88.4134
0.445	1	0	2	-94.0322
0.445	3	0	3	-88.1614
0.45	1	0	2	-94.2947
0.45	3	0	3	-87.9526
0.455	1	0	2	-94.2995
0.455	3	0	3	-87.565
0.46	1	0	2	-94.3693
0.46	3	0	3	-87.4521
0.465	1	0	2	-94.6834
0.465	3	0	3	-87.4202
0.47	1	0	2	-94.5573
0.47	3	0	3	-87.6652
0.475	1	0	2	-94.4933
0.475	3	0	3	-87.7367
0.48	1	0	2	-94.472
0.48	3	0	3	-87.6864
0.485	1	0	2	-94.3201
0.485	3	0	3	-87.6248
0.49	1	0	2	-94.2402
0.49	3	0	3	-87.6462
0.495	1	0	2	-94.5309
0.495	3	0	3	-87.5914
0.5	1	0	2	-94.5187
0.5	3	0	3	-87.4878
0.504	1	0	2	-94.4972
0.505	1	0	2	-94.4426
0.505	3	0	3	-87.1021
0.51	1	0	2	-94.2081
0.51	3	0	3	-86.9859
0.515	1	0	2	-93.9581
0.515	3	0	3	-87.2796
0.52	1	0	2	-93.9469
0.52	3	0	3	-87.6614
0.525	1	0	2	-94.1218
0.525	3	0	3	-87.7147
0.53	1	0	2	-94.214
0.53	3	0	3	-87.1151
0.535	1	0	2	-94.3967
0.535	3	0	3	-86.8534
0.54	1	0	2	-94.5714
0.54	3	0	3	-86.5755
0.545	1	0	2	-94.8286
0.545	3	0	3	-86.4556
0.55	1	0	2	-95.0786
0.55	3	0	3	-86.5331
0.555	1	0	2	-95.2896
0.555	3	0	3	-86.6199
0.56	1	0	2	-95.0121
0.56	3	0	3	-86.3528
0.565	1	0	2	-94.924
0.565	3	0	3	-86.4676
0.57	1	0	2	-95.0355
0.57	3	0	3	-86.2965
0.575	1	0	2	-94.7198
0.575	3	0	3	-86.0433
0.58	1	0	2	-94.5745
0.58	3	0	3	-86.2767
0.584	1	0	2	-94.3912
0.585	1	0	2	-94.4114
0.585	3	0	3	-86.5794
0.59	1	0	2	-94.2107
0.59	3	0	3	-86.6478
0.595	1	0	2	-94.2393
0.595	3	0	3	-86.6313
0.6	1	0	2	-94.0895
0.6	3	0	3	-86.6848
0.605	1	0	2	-94.1219
0.605	3	0	3	-86.9352
0.61	1	0	2	-93.955
0.61	3	0	3	-86.6883
0.615	1	0	2	-93.774
0.615	3	0	3	-86.587
0.62	1	0	2	-93.782
0.62	3	0	3	-86.5751
0.625	1	0	2	-94.1579
0.625	3	0	3	-86.5219
0.63	1	0	2	-94.2208
0.63	3	0	3	-86.4212
0.635	1	0	2	-94.0524
0.635	3	0	3	-86.4032
0.64	1	0	2	-93.8162
0.64	3	0	3	-86.44
0.645	1	0	2	-93.4281
0.645	3	0	3	-86.3776
0.65	1	0	2	-93.6808
0.65	3	0	3	-86.4315
0.655	1	0	2	-93.5048
0.655	3	0	3	-86.5835
0.66	1	0	2	-93.2952
0.66	3	0	3	-86.5288
0.664	1	0	2	-93.1585
0.665	1	0	2	-93.1574
0.665	3	0	3	-86.6137
0.67	1	0	2	-93.3818
0.67	3	0	3	-86.5159
0.675	1	0	2	-93.2965
0.675	3	0	3	-86.2537
0.68	1	0	2	-93.2901
0.68	3	0	3	-86.0753
0.685	1	0	2	-93.4855
0.685	3	0	3	-85.7218
0.69	1	0	2	-93.9471
0.69	3	0	3	-85.8079
0.695	1	0	2	-93.6066
0.695	3	0	3	-85.8451
0.7	1	0	2	-93.7818
0.7	3	0	3	-85.5709
0.705	1	0	2	-93.6888
0.705	3	0	3	-85.7162
0.71	1	0	2	-93.8832
0.71	3	0	3	-85.6516
0.715	1	0	2	-93.8094
0.715	3	0	3	-85.8129
0.72	1	0	2	-93.81
0.72	3	0	3	-85.7503
0.725	1	0	2	-93.971
0.725	3	0	3	-85.6264
0.73	1	0	2	-93.9214
0.73	3	0	3	-85.8262
0.735	1	0	2	-94.1274
0.735	3	0	3	-85.4638
0.74	1	0	2	-94.0579
0.74	3	0	3	-85.6099
0.744	1	0	2	-93.8567
0.745	1	0	2	-93.7525
0.745	3	0	3	-85.5224
0.75	1	0	2	-93.5323
0.75	3	0	3	-85.5454
0.755	1	0	2	-94.0869
0.755	3	0	3	-85.5039
0.76	1	0	2	-94.0472
0.76	3	0	3	-85.3684
0.765	1	0	2	-94.1167
0.765	3	0	3	-85.0876
0.77	1	0	2	-94.0917
0.77	3	0	3	-85.2788
0.775	1	0	2	-93.98
0.775	3	0	3	-85.3141
0.78	1	0	2	-94.0037
0.78	3	0	3	-84.9711
0.785	1	0	2	-93.9601
0.785	3	0	3	-85.0369
0.79	1	0	2	-94.0631
0.79	3	0	3	-85.1549
0.795	1	0	2	-94.2474
0.795	3	0	3	-85.4729
0.8	1	0	2	-94.4985
0.8	3	0	3	-85.3056
0.805	1	0	2	-94.5784
0.805	3	0	3	-85.1907
0.81	1	0	2	-94.4773
0.81	3	0	3	-85.4005
0.815	1	0	2	-94.3528
0.815	3	0	3	-85.4313
0.82	1	0	2	-94.1379
0.82	3	0	3	-85.3631
0.824	1	0	2	-94.1874
0.825	1	0	2	-94.2759
0.825	3	0	3	-85.3812
0.83	1	0	2	-94.7331
0.83	3	0	3	-85.1457
0.835	1	0	2	-94.6723
0.835	3	0	3	-85.2248
0.84	1	0	2	-94.6647
0.84	3	0	3	-85.3321
0.845	1	0	2	-94.7724
0.845	3	0	3	-85.2252
0.85	1	0	2	-94.9201
0.85	3	0	3	-85.0582
0.855	1	0	2	-95.0458
0.855	3	0	3	-85.0428
0.86	1	0	2	-94.9449
0.86	3	0	3	-85.2149
0.865	1	0	2	-95.1
0.865	3	0	3	-85.3727
0.87	1	0	2	-95.1225
0.87	3	0	3	-85.4961
0.875	1	0	2	-95.0228
0.875	3	0	3	-85.6537
0.88	1	0	2	-95.0206
0.88	3	0	3	-85.4606
0.885	1	0	2	-95.1857
0.885	3	0	3	-85.1471
0.89	1	0	2	-95.1368
0.89	3	0	3	-85.2517
0.895	1	0	2	-95.4548
0.895	3	0	3	-85.4505
0.9	1	0	2	-95.7727
0.9	3	0	3	-85.4683
0.904	1	0	2	-95.548
0.905	1	0	2	-95.4371
0.905	3	0	3	-85.3806
0.91	1	0	2	-95.0154
0.91	3	0	3	-85.3741
0.915	1	0	2	-94.8827
0.915	3	0	3	-85.4851
0.92	1	0	2	-95.1451
0.92	3	0	3	-85.6129
0.925	1	0	2	-95.1345
0.925	3	0	3	-85.4649
0.93	1	0	2	-95.1702
0.93	3	0	3	-85.1051
0.935	1	0	2	-95.164
0.935	3	0	3	-84.9853
0.94	1	0	2	-95.5277
0.94	3	0	3	-84.8344
0.945	1	0	2	-95.7824
0.945	3	0	3	-85.0854
0.95	1	0	2	-96.006
0.95	3	0	3	-85.148
0.955	1	0	2	-95.8823
0.955	3	0	3	-85.4742
0.96	1	0	2	-95.5518
0.96	3	0	3	-85.3178
0.965	1	0	2	-95.2874
0.965	3	0	3	-85.5244
0.97	1	0	2	-95.535
0.97	3	0	3	-85.6587
0.975	1	0	2	-95.5003
0.975	3	0	3	-85.6987
0.98	1	0	2	-95.6997
0.98	3	0	3	-85.7841
0.984	1	0	2	-95.6668
0.985	1	0	2	-95.5774
0.985	3	0	3	-85.7615
0.99	1	0	2	-95.8891
0.99	3	0	3	-86.2227
0.995	1	0	2	-96.2386
0.995	3	0	3	-86.3575
