time(s)	cellId	rnti	lcid	packetSize
0.411	1	1	3	133
0.411	3	1	3	133
0.412	1	1	3	133
0.412	3	1	3	133
0.413	1	1	3	133
0.413	3	1	3	133
0.414	1	1	3	133
0.414	3	1	3	133
0.415	1	1	3	133
0.415	3	1	3	122
0.416	1	1	3	133
0.416	3	1	3	133
0.417	1	1	3	4806
0.417	3	1	3	4806
0.418	1	1	3	2663
0.418	3	1	3	2674
0.419	1	1	3	1032
0.419	3	1	3	1032
0.42	1	1	3	1032
0.42	3	1	3	1032
0.421	1	1	3	1032
0.421	3	1	3	1032
0.422	1	1	3	1032
0.422	3	1	3	1032
0.423	1	1	3	1032
0.423	3	1	3	1032
0.424	1	1	3	1032
0.424	3	1	3	1032
0.425	1	1	3	1032
0.425	3	1	3	1032
0.426	1	1	3	1032
0.426	3	1	3	1032
0.427	1	1	3	1032
0.427	3	1	3	1032
0.428	1	1	3	1032
0.428	3	1	3	1032
0.429	1	1	3	1032
0.429	3	1	3	1032
0.43	1	1	3	1032
0.43	3	1	3	1032
0.431	1	1	3	1032
0.431	3	1	3	1032
0.432	1	1	3	1032
0.432	3	1	3	1032
0.433	1	1	3	1032
0.433	3	1	3	1032
0.434	1	1	3	1032
0.434	3	1	3	1032
0.435	1	1	3	1032
0.435	3	1	3	1032
0.436	1	1	3	1032
0.436	3	1	3	1032
0.437	1	1	3	1032
0.437	3	1	3	1032
0.438	1	1	3	1032
0.438	3	1	3	1032
0.439	1	1	3	1032
0.439	3	1	3	1032
0.44	1	1	3	1032
0.44	3	1	3	1032
0.441	1	1	3	1032
0.441	3	1	3	1032
0.442	1	1	3	1032
0.442	3	1	3	1032
0.443	1	1	3	1032
0.443	3	1	3	1032
0.444	1	1	3	1032
0.444	3	1	3	1032
0.445	1	1	3	1032
0.445	3	1	3	1032
0.446	1	1	3	1032
0.446	3	1	3	1032
0.447	1	1	3	1032
0.447	3	1	3	1032
0.448	1	1	3	1032
0.448	3	1	3	1032
0.449	1	1	3	1032
0.449	3	1	3	1032
0.45	1	1	3	1032
0.45	3	1	3	1032
0.451	1	1	3	1032
0.451	3	1	3	1032
0.452	1	1	3	1032
0.452	3	1	3	1032
0.453	1	1	3	1032
0.453	3	1	3	1032
0.454	1	1	3	1032
0.454	3	1	3	1032
0.455	1	1	3	1032
0.455	3	1	3	1032
0.456	1	1	3	1032
0.456	3	1	3	1032
0.457	1	1	3	1032
0.457	3	1	3	1032
0.458	1	1	3	1032
0.458	3	1	3	1032
0.459	1	1	3	1032
0.459	3	1	3	1032
0.46	1	1	3	1032
0.46	3	1	3	1032
0.461	1	1	3	1032
0.461	3	1	3	1032
0.462	1	1	3	1032
0.462	3	1	3	1032
0.463	1	1	3	1032
0.463	3	1	3	1032
0.464	1	1	3	1032
0.464	3	1	3	1032
0.465	1	1	3	1032
0.465	3	1	3	1032
0.466	1	1	3	1032
0.466	3	1	3	1032
0.467	1	1	3	1032
0.467	3	1	3	1032
0.468	1	1	3	1032
0.468	3	1	3	1032
0.469	1	1	3	1032
0.469	3	1	3	1032
0.47	1	1	3	1032
0.47	3	1	3	1032
0.471	1	1	3	1032
0.471	3	1	3	1032
0.472	1	1	3	1032
0.472	3	1	3	1032
0.473	1	1	3	1032
0.473	3	1	3	1032
0.474	1	1	3	1032
0.474	3	1	3	1032
0.475	1	1	3	1032
0.475	3	1	3	1032
0.476	1	1	3	1032
0.476	3	1	3	1032
0.477	1	1	3	1032
0.477	3	1	3	1032
0.478	1	1	3	1032
0.478	3	1	3	1032
0.479	1	1	3	1032
0.479	3	1	3	1032
0.48	1	1	3	1032
0.48	3	1	3	1032
0.481	1	1	3	1032
0.481	3	1	3	1032
0.482	1	1	3	1032
0.482	3	1	3	1032
0.483	1	1	3	1032
0.483	3	1	3	1032
0.484	1	1	3	1032
0.484	3	1	3	1032
0.485	1	1	3	1032
0.485	3	1	3	1032
0.486	1	1	3	1032
0.486	3	1	3	1032
0.487	1	1	3	1032
0.487	3	1	3	1032
0.488	1	1	3	1032
0.488	3	1	3	1032
0.489	1	1	3	1032
0.489	3	1	3	1032
0.49	1	1	3	1032
0.49	3	1	3	1032
0.491	1	1	3	1032
0.491	3	1	3	1032
0.492	1	1	3	1032
0.492	3	1	3	1032
0.493	1	1	3	1032
0.493	3	1	3	1032
0.494	1	1	3	1032
0.494	3	1	3	1032
0.495	1	1	3	1032
0.495	3	1	3	1032
0.496	1	1	3	1032
0.496	3	1	3	1032
0.497	1	1	3	1032
0.497	3	1	3	1032
0.498	1	1	3	1032
0.498	3	1	3	1032
0.499	1	1	3	1032
0.499	3	1	3	1032
0.5	1	1	3	1032
0.5	3	1	3	1032
0.501	1	1	3	1032
0.501	3	1	3	1032
0.502	1	1	3	1032
0.502	3	1	3	1032
0.503	1	1	3	1032
0.503	3	1	3	1032
0.504	1	1	3	1032
0.504	3	1	3	1032
0.505	1	1	3	1032
0.505	3	1	3	1032
0.506	1	1	3	1032
0.506	3	1	3	1032
0.507	1	1	3	1032
0.507	3	1	3	1032
0.508	1	1	3	1032
0.508	3	1	3	1032
0.509	1	1	3	1032
0.509	3	1	3	1032
0.51	1	1	3	1032
0.51	3	1	3	1032
0.511	1	1	3	1032
0.511	3	1	3	1032
0.512	1	1	3	1032
0.512	3	1	3	1032
0.513	1	1	3	1032
0.513	3	1	3	1032
0.514	1	1	3	1032
0.514	3	1	3	1032
0.515	1	1	3	1032
0.515	3	1	3	1032
0.516	1	1	3	1032
0.516	3	1	3	1032
0.517	1	1	3	1032
0.517	3	1	3	1032
0.518	1	1	3	1032
0.518	3	1	3	1032
0.519	1	1	3	1032
0.519	3	1	3	1032
0.52	1	1	3	1032
0.52	3	1	3	1032
0.521	1	1	3	1032
0.521	3	1	3	1032
0.522	1	1	3	1032
0.522	3	1	3	1032
0.523	1	1	3	1032
0.523	3	1	3	1032
0.524	1	1	3	1032
0.524	3	1	3	1032
0.525	1	1	3	1032
0.525	3	1	3	1032
0.526	1	1	3	1032
0.526	3	1	3	1032
0.527	1	1	3	1032
0.527	3	1	3	1032
0.528	1	1	3	1032
0.528	3	1	3	1032
0.529	1	1	3	1032
0.529	3	1	3	1032
0.53	1	1	3	1032
0.53	3	1	3	1032
0.531	1	1	3	1032
0.531	3	1	3	1032
0.532	1	1	3	1032
0.532	3	1	3	1032
0.533	1	1	3	1032
0.533	3	1	3	1032
0.534	1	1	3	1032
0.534	3	1	3	1032
0.535	1	1	3	1032
0.535	3	1	3	1032
0.536	1	1	3	1032
0.536	3	1	3	1032
0.537	1	1	3	1032
0.537	3	1	3	1032
0.538	1	1	3	1032
0.538	3	1	3	1032
0.539	1	1	3	1032
0.539	3	1	3	1032
0.54	1	1	3	1032
0.54	3	1	3	1032
0.541	1	1	3	1032
0.541	3	1	3	1032
0.542	1	1	3	1032
0.542	3	1	3	1032
0.543	1	1	3	1032
0.543	3	1	3	1032
0.544	1	1	3	1032
0.544	3	1	3	1032
0.545	1	1	3	1032
0.545	3	1	3	1032
0.546	1	1	3	1032
0.546	3	1	3	1032
0.547	1	1	3	1032
0.547	3	1	3	1032
0.548	1	1	3	1032
0.548	3	1	3	1032
0.549	1	1	3	1032
0.549	3	1	3	1032
0.55	1	1	3	1032
0.55	3	1	3	1032
0.551	1	1	3	1032
0.551	3	1	3	1032
0.552	1	1	3	1032
0.552	3	1	3	1032
0.553	1	1	3	1032
0.553	3	1	3	1032
0.554	1	1	3	1032
0.554	3	1	3	1032
0.555	1	1	3	1032
0.555	3	1	3	1032
0.556	1	1	3	1032
0.556	3	1	3	1032
0.557	1	1	3	1032
0.557	3	1	3	1032
0.558	1	1	3	1032
0.558	3	1	3	1032
0.559	1	1	3	1032
0.559	3	1	3	1032
0.56	1	1	3	1032
0.56	3	1	3	1032
0.561	1	1	3	1032
0.561	3	1	3	1032
0.562	1	1	3	1032
0.562	3	1	3	1032
0.563	1	1	3	1032
0.563	3	1	3	1032
0.564	1	1	3	1032
0.564	3	1	3	1032
0.565	1	1	3	1032
0.565	3	1	3	1032
0.566	1	1	3	1032
0.566	3	1	3	1032
0.567	1	1	3	1032
0.567	3	1	3	1032
0.568	1	1	3	1032
0.568	3	1	3	1032
0.569	1	1	3	1032
0.569	3	1	3	1032
0.57	1	1	3	1032
0.57	3	1	3	1032
0.571	1	1	3	1032
0.571	3	1	3	1032
0.572	1	1	3	1032
0.572	3	1	3	1032
0.573	1	1	3	1032
0.573	3	1	3	1032
0.574	1	1	3	1032
0.574	3	1	3	1032
0.575	1	1	3	1032
0.575	3	1	3	1032
0.576	1	1	3	1032
0.576	3	1	3	1032
0.577	1	1	3	1032
0.577	3	1	3	1032
0.578	1	1	3	1032
0.578	3	1	3	1032
0.579	1	1	3	1032
0.579	3	1	3	1032
0.58	1	1	3	1032
0.58	3	1	3	1032
0.581	1	1	3	1032
0.581	3	1	3	1032
0.582	1	1	3	1032
0.582	3	1	3	1032
0.583	1	1	3	1032
0.583	3	1	3	1032
0.584	1	1	3	1032
0.584	3	1	3	1032
0.585	1	1	3	1032
0.585	3	1	3	1032
0.586	1	1	3	1032
0.586	3	1	3	1032
0.587	1	1	3	1032
0.587	3	1	3	1032
0.588	1	1	3	1032
0.588	3	1	3	1032
0.589	1	1	3	1032
0.589	3	1	3	1032
0.59	1	1	3	1032
0.59	3	1	3	1032
0.591	1	1	3	1032
0.591	3	1	3	1032
0.592	1	1	3	1032
0.592	3	1	3	1032
0.593	1	1	3	1032
0.593	3	1	3	1032
0.594	1	1	3	1032
0.594	3	1	3	1032
0.595	1	1	3	1032
0.595	3	1	3	1032
0.596	1	1	3	1032
0.596	3	1	3	1032
0.597	1	1	3	1032
0.597	3	1	3	1032
0.598	1	1	3	1032
0.598	3	1	3	1032
0.599	1	1	3	1032
0.599	3	1	3	1032
0.6	1	1	3	1032
0.6	3	1	3	1032
0.601	1	1	3	1032
0.601	3	1	3	1032
0.602	1	1	3	1032
0.602	3	1	3	1032
0.603	1	1	3	1032
0.603	3	1	3	1032
0.604	1	1	3	1032
0.604	3	1	3	1032
0.605	1	1	3	1032
0.605	3	1	3	1032
0.606	1	1	3	1032
0.606	3	1	3	1032
0.607	1	1	3	1032
0.607	3	1	3	1032
0.608	1	1	3	1032
0.608	3	1	3	1032
0.609	1	1	3	1032
0.609	3	1	3	1032
0.61	1	1	3	1032
0.61	3	1	3	1032
0.611	1	1	3	1032
0.611	3	1	3	1032
0.612	1	1	3	1032
0.612	3	1	3	1032
0.613	1	1	3	1032
0.613	3	1	3	1032
0.614	1	1	3	1032
0.614	3	1	3	1032
0.615	1	1	3	1032
0.615	3	1	3	1032
0.616	1	1	3	1032
0.616	3	1	3	1032
0.617	1	1	3	1032
0.617	3	1	3	1032
0.618	1	1	3	1032
0.618	3	1	3	1032
0.619	1	1	3	1032
0.619	3	1	3	1032
0.62	1	1	3	1032
0.62	3	1	3	1032
0.621	1	1	3	1032
0.621	3	1	3	1032
0.622	1	1	3	1032
0.622	3	1	3	1032
0.623	1	1	3	1032
0.623	3	1	3	1032
0.624	1	1	3	1032
0.624	3	1	3	1032
0.625	1	1	3	1032
0.625	3	1	3	1032
0.626	1	1	3	1032
0.626	3	1	3	1032
0.627	1	1	3	1032
0.627	3	1	3	1032
0.628	1	1	3	1032
0.628	3	1	3	1032
0.629	1	1	3	1032
0.629	3	1	3	1032
0.63	1	1	3	1032
0.63	3	1	3	1032
0.631	1	1	3	1032
0.631	3	1	3	1032
0.632	1	1	3	1032
0.632	3	1	3	1032
0.633	1	1	3	1032
0.633	3	1	3	1032
0.634	1	1	3	1032
0.634	3	1	3	1032
0.635	1	1	3	1032
0.635	3	1	3	1032
0.636	1	1	3	1032
0.636	3	1	3	1032
0.637	1	1	3	1032
0.637	3	1	3	1032
0.638	1	1	3	1032
0.638	3	1	3	1032
0.639	1	1	3	1032
0.639	3	1	3	1032
0.64	1	1	3	1032
0.64	3	1	3	1032
0.641	1	1	3	1032
0.641	3	1	3	1032
0.642	1	1	3	1032
0.642	3	1	3	1032
0.643	1	1	3	1032
0.643	3	1	3	1032
0.644	1	1	3	1032
0.644	3	1	3	1032
0.645	1	1	3	1032
0.645	3	1	3	1032
0.646	1	1	3	1032
0.646	3	1	3	1032
0.647	1	1	3	1032
0.647	3	1	3	1032
0.648	1	1	3	1032
0.648	3	1	3	1032
0.649	1	1	3	1032
0.649	3	1	3	1032
0.65	1	1	3	1032
0.65	3	1	3	1032
0.651	1	1	3	1032
0.651	3	1	3	1032
0.652	1	1	3	1032
0.652	3	1	3	1032
0.653	1	1	3	1032
0.653	3	1	3	1032
0.654	1	1	3	1032
0.654	3	1	3	1032
0.655	1	1	3	1032
0.655	3	1	3	1032
0.656	1	1	3	1032
0.656	3	1	3	1032
0.657	1	1	3	1032
0.657	3	1	3	1032
0.658	1	1	3	1032
0.658	3	1	3	1032
0.659	1	1	3	1032
0.659	3	1	3	1032
0.66	1	1	3	1032
0.66	3	1	3	1032
0.661	1	1	3	1032
0.661	3	1	3	1032
0.662	1	1	3	1032
0.662	3	1	3	1032
0.663	1	1	3	1032
0.663	3	1	3	1032
0.664	1	1	3	1032
0.664	3	1	3	1032
0.665	1	1	3	1032
0.665	3	1	3	1032
0.666	1	1	3	1032
0.666	3	1	3	1032
0.667	1	1	3	1032
0.667	3	1	3	1032
0.668	1	1	3	1032
0.668	3	1	3	1032
0.669	1	1	3	1032
0.669	3	1	3	1032
0.67	1	1	3	1032
0.67	3	1	3	1032
0.671	1	1	3	1032
0.671	3	1	3	1032
0.672	1	1	3	1032
0.672	3	1	3	1032
0.673	1	1	3	1032
0.673	3	1	3	1032
0.674	1	1	3	1032
0.674	3	1	3	1032
0.675	1	1	3	1032
0.675	3	1	3	1032
0.676	1	1	3	1032
0.676	3	1	3	1032
0.677	1	1	3	1032
0.677	3	1	3	1032
0.678	1	1	3	1032
0.678	3	1	3	1032
0.679	1	1	3	1032
0.679	3	1	3	1032
0.68	1	1	3	1032
0.68	3	1	3	1032
0.681	1	1	3	1032
0.681	3	1	3	1032
0.682	1	1	3	1032
0.682	3	1	3	1032
0.683	1	1	3	1032
0.683	3	1	3	1032
0.684	1	1	3	1032
0.684	3	1	3	1032
0.685	1	1	3	1032
0.685	3	1	3	1032
0.686	1	1	3	1032
0.686	3	1	3	1032
0.687	1	1	3	1032
0.687	3	1	3	1032
0.688	1	1	3	1032
0.688	3	1	3	1032
0.689	1	1	3	1032
0.689	3	1	3	1032
0.69	1	1	3	1032
0.69	3	1	3	1032
0.691	1	1	3	1032
0.691	3	1	3	1032
0.692	1	1	3	1032
0.692	3	1	3	1032
0.693	1	1	3	1032
0.693	3	1	3	1032
0.694	1	1	3	1032
0.694	3	1	3	1032
0.695	1	1	3	1032
0.695	3	1	3	1032
0.696	1	1	3	1032
0.696	3	1	3	1032
0.697	1	1	3	1032
0.697	3	1	3	1032
0.698	1	1	3	1032
0.698	3	1	3	1032
0.699	1	1	3	1032
0.699	3	1	3	1032
0.7	1	1	3	1032
0.7	3	1	3	1032
0.701	1	1	3	1032
0.701	3	1	3	1032
0.702	1	1	3	1032
0.702	3	1	3	1032
0.703	1	1	3	1032
0.703	3	1	3	1032
0.704	1	1	3	1032
0.704	3	1	3	1032
0.705	1	1	3	1032
0.705	3	1	3	1032
0.706	1	1	3	1032
0.706	3	1	3	1032
0.707	1	1	3	1032
0.707	3	1	3	1032
0.708	1	1	3	1032
0.708	3	1	3	1032
0.709	1	1	3	1032
0.709	3	1	3	1032
0.71	1	1	3	1032
0.71	3	1	3	1032
0.711	1	1	3	1032
0.711	3	1	3	1032
0.712	1	1	3	1032
0.712	3	1	3	1032
0.713	1	1	3	1032
0.713	3	1	3	1032
0.714	1	1	3	1032
0.714	3	1	3	1032
0.715	1	1	3	1032
0.715	3	1	3	1032
0.716	1	1	3	1032
0.716	3	1	3	1032
0.717	1	1	3	1032
0.717	3	1	3	1032
0.718	1	1	3	1032
0.718	3	1	3	1032
0.719	1	1	3	1032
0.719	3	1	3	1032
0.72	1	1	3	1032
0.72	3	1	3	1032
0.721	1	1	3	1032
0.721	3	1	3	1032
0.722	1	1	3	1032
0.722	3	1	3	1032
0.723	1	1	3	1032
0.723	3	1	3	1032
0.724	1	1	3	1032
0.724	3	1	3	1032
0.725	1	1	3	1032
0.725	3	1	3	1032
0.726	1	1	3	1032
0.726	3	1	3	1032
0.727	1	1	3	1032
0.727	3	1	3	1032
0.728	1	1	3	1032
0.728	3	1	3	1032
0.729	1	1	3	1032
0.729	3	1	3	1032
0.73	1	1	3	1032
0.73	3	1	3	1032
0.731	1	1	3	1032
0.731	3	1	3	1032
0.732	1	1	3	1032
0.732	3	1	3	1032
0.733	1	1	3	1032
0.733	3	1	3	1032
0.734	1	1	3	1032
0.734	3	1	3	1032
0.735	1	1	3	1032
0.735	3	1	3	1032
0.736	1	1	3	1032
0.736	3	1	3	1032
0.737	1	1	3	1032
0.737	3	1	3	1032
0.738	1	1	3	1032
0.738	3	1	3	1032
0.739	1	1	3	1032
0.739	3	1	3	1032
0.74	1	1	3	1032
0.74	3	1	3	1032
0.741	1	1	3	1032
0.741	3	1	3	1032
0.742	1	1	3	1032
0.742	3	1	3	1032
0.743	1	1	3	1032
0.743	3	1	3	1032
0.744	1	1	3	1032
0.744	3	1	3	1032
0.745	1	1	3	1032
0.745	3	1	3	1032
0.746	1	1	3	1032
0.746	3	1	3	1032
0.747	1	1	3	1032
0.747	3	1	3	1032
0.748	1	1	3	1032
0.748	3	1	3	1032
0.749	1	1	3	1032
0.749	3	1	3	1032
0.75	1	1	3	1032
0.75	3	1	3	1032
0.751	1	1	3	1032
0.751	3	1	3	1032
0.752	1	1	3	1032
0.752	3	1	3	1032
0.753	1	1	3	1032
0.753	3	1	3	1032
0.754	1	1	3	1032
0.754	3	1	3	1032
0.755	1	1	3	1032
0.755	3	1	3	1032
0.756	1	1	3	1032
0.756	3	1	3	1032
0.757	1	1	3	1032
0.757	3	1	3	1032
0.758	1	1	3	1032
0.758	3	1	3	1032
0.759	1	1	3	1032
0.759	3	1	3	1032
0.76	1	1	3	1032
0.76	3	1	3	1032
0.761	1	1	3	1032
0.761	3	1	3	1032
0.762	1	1	3	1032
0.762	3	1	3	1032
0.763	1	1	3	1032
0.763	3	1	3	1032
0.764	1	1	3	1032
0.764	3	1	3	1032
0.765	1	1	3	1032
0.765	3	1	3	1032
0.766	1	1	3	1032
0.766	3	1	3	1032
0.767	1	1	3	1032
0.767	3	1	3	1032
0.768	1	1	3	1032
0.768	3	1	3	1032
0.769	1	1	3	1032
0.769	3	1	3	1032
0.77	1	1	3	1032
0.77	3	1	3	1032
0.771	1	1	3	1032
0.771	3	1	3	1032
0.772	1	1	3	1032
0.772	3	1	3	1032
0.773	1	1	3	1032
0.773	3	1	3	1032
0.774	1	1	3	1032
0.774	3	1	3	1032
0.775	1	1	3	1032
0.775	3	1	3	1032
0.776	1	1	3	1032
0.776	3	1	3	1032
0.777	1	1	3	1032
0.777	3	1	3	1032
0.778	1	1	3	1032
0.778	3	1	3	1032
0.779	1	1	3	1032
0.779	3	1	3	1032
0.78	1	1	3	1032
0.78	3	1	3	1032
0.781	1	1	3	1032
0.781	3	1	3	1032
0.782	1	1	3	1032
0.782	3	1	3	1032
0.783	1	1	3	1032
0.783	3	1	3	1032
0.784	1	1	3	1032
0.784	3	1	3	1032
0.785	1	1	3	1032
0.785	3	1	3	1032
0.786	1	1	3	1032
0.786	3	1	3	1032
0.787	1	1	3	1032
0.787	3	1	3	1032
0.788	1	1	3	1032
0.788	3	1	3	1032
0.789	1	1	3	1032
0.789	3	1	3	1032
0.79	1	1	3	1032
0.79	3	1	3	1032
0.791	1	1	3	1032
0.791	3	1	3	1032
0.792	1	1	3	1032
0.792	3	1	3	1032
0.793	1	1	3	1032
0.793	3	1	3	1032
0.794	1	1	3	1032
0.794	3	1	3	1032
0.795	1	1	3	1032
0.795	3	1	3	1032
0.796	1	1	3	1032
0.796	3	1	3	1032
0.797	1	1	3	1032
0.797	3	1	3	1032
0.798	1	1	3	1032
0.798	3	1	3	1032
0.799	1	1	3	1032
0.799	3	1	3	1032
0.8	1	1	3	1032
0.8	3	1	3	1032
0.801	1	1	3	1032
0.801	3	1	3	1032
0.802	1	1	3	1032
0.802	3	1	3	1032
0.803	1	1	3	1032
0.803	3	1	3	1032
0.804	1	1	3	1032
0.804	3	1	3	1032
0.805	1	1	3	1032
0.805	3	1	3	1032
0.806	1	1	3	1032
0.806	3	1	3	1032
0.807	1	1	3	1032
0.807	3	1	3	1032
0.808	1	1	3	1032
0.808	3	1	3	1032
0.809	1	1	3	1032
0.809	3	1	3	1032
0.81	1	1	3	1032
0.81	3	1	3	1032
0.811	1	2	3	98
0.811	1	1	3	1032
0.811	3	2	3	98
0.811	3	1	3	1032
0.812	1	2	3	98
0.812	1	1	3	1032
0.812	3	2	3	98
0.812	3	1	3	1032
0.813	1	2	3	98
0.813	1	1	3	1032
0.813	3	2	3	98
0.813	3	1	3	1032
0.814	1	2	3	98
0.814	1	1	3	1032
0.814	3	2	3	98
0.814	3	1	3	1032
0.815	1	2	3	98
0.815	1	1	3	1032
0.815	3	2	3	87
0.815	3	1	3	1032
0.816	1	2	3	98
0.816	1	1	3	1032
0.816	3	2	3	98
0.816	3	1	3	1032
0.817	1	2	3	3605
0.817	1	1	3	1032
0.817	3	2	3	3605
0.817	3	1	3	1032
0.818	1	2	3	3605
0.818	1	1	3	1032
0.818	3	2	3	3605
0.818	3	1	3	1032
0.819	1	2	3	3605
0.819	1	1	3	1032
0.819	3	2	3	3605
0.819	3	1	3	1032
0.82	1	2	3	3605
0.82	1	1	3	1032
0.82	3	2	3	3605
0.82	3	1	3	1032
0.821	1	2	3	3605
0.821	1	1	3	1032
0.821	3	2	3	3605
0.821	3	1	3	1032
0.822	1	2	3	3605
0.822	1	1	3	1032
0.822	3	2	3	3605
0.822	3	1	3	1032
0.823	1	2	3	3605
0.823	1	1	3	1032
0.823	3	2	3	3605
0.823	3	1	3	1032
0.824	1	2	3	3203
0.824	1	1	3	1032
0.824	3	2	3	3605
0.824	3	1	3	1032
0.825	1	2	3	3605
0.825	1	1	3	1032
0.825	3	2	3	3605
0.825	3	1	3	1032
0.826	1	2	3	3605
0.826	1	1	3	1032
0.826	3	2	3	3605
0.826	3	1	3	1032
0.827	1	2	3	3605
0.827	1	1	3	1032
0.827	3	2	3	3605
0.827	3	1	3	1032
0.828	1	2	3	3605
0.828	1	1	3	1032
0.828	3	2	3	3605
0.828	3	1	3	1032
0.829	1	2	3	3605
0.829	1	1	3	1032
0.829	3	2	3	3605
0.829	3	1	3	1032
0.83	1	2	3	3605
0.83	1	1	3	1032
0.83	3	2	3	3605
0.83	3	1	3	1032
0.831	1	2	3	3605
0.831	1	1	3	1032
0.831	3	2	3	3605
0.831	3	1	3	1032
0.832	1	2	3	3605
0.832	1	1	3	1032
0.832	3	2	3	3605
0.832	3	1	3	1032
0.833	1	2	3	3605
0.833	1	1	3	1032
0.833	3	2	3	3605
0.833	3	1	3	1032
0.834	1	2	3	3605
0.834	1	1	3	1032
0.834	3	2	3	3605
0.834	3	1	3	1032
0.835	1	2	3	3605
0.835	1	1	3	1032
0.835	3	2	3	3605
0.835	3	1	3	1032
0.836	1	2	3	3605
0.836	1	1	3	1032
0.836	3	2	3	3605
0.836	3	1	3	1032
0.837	1	2	3	3605
0.837	1	1	3	1032
0.837	3	2	3	3605
0.837	3	1	3	1032
0.838	1	2	3	3605
0.838	1	1	3	1032
0.838	3	2	3	3605
0.838	3	1	3	1032
0.839	1	2	3	3605
0.839	1	1	3	1032
0.839	3	2	3	3605
0.839	3	1	3	1032
0.84	1	2	3	3605
0.84	1	1	3	1032
0.84	3	2	3	3605
0.84	3	1	3	1032
0.841	1	2	3	3605
0.841	1	1	3	1032
0.841	3	2	3	3605
0.841	3	1	3	1032
0.842	1	2	3	3605
0.842	1	1	3	1032
0.842	3	2	3	3605
0.842	3	1	3	1032
0.843	1	2	3	3605
0.843	1	1	3	1032
0.843	3	2	3	3605
0.843	3	1	3	1032
0.844	1	2	3	3605
0.844	1	1	3	1032
0.844	3	2	3	3605
0.844	3	1	3	1032
0.845	1	2	3	3605
0.845	1	1	3	1032
0.845	3	2	3	3605
0.845	3	1	3	1032
0.846	1	2	3	3605
0.846	1	1	3	1032
0.846	3	2	3	3605
0.846	3	1	3	1032
0.847	1	2	3	3605
0.847	1	1	3	1032
0.847	3	2	3	3605
0.847	3	1	3	1032
0.848	1	2	3	3605
0.848	1	1	3	1032
0.848	3	2	3	3605
0.848	3	1	3	1032
0.849	1	2	3	3605
0.849	1	1	3	1032
0.849	3	2	3	3605
0.849	3	1	3	1032
0.85	1	2	3	3605
0.85	1	1	3	1032
0.85	3	2	3	3605
0.85	3	1	3	1032
0.851	1	2	3	3605
0.851	1	1	3	1032
0.851	3	2	3	3605
0.851	3	1	3	1032
0.852	1	2	3	3605
0.852	1	1	3	1032
0.852	3	2	3	3605
0.852	3	1	3	1032
0.853	1	2	3	3605
0.853	1	1	3	1032
0.853	3	2	3	3605
0.853	3	1	3	1032
0.854	1	2	3	3605
0.854	1	1	3	1032
0.854	3	2	3	3605
0.854	3	1	3	1032
0.855	1	2	3	3605
0.855	1	1	3	1032
0.855	3	2	3	3605
0.855	3	1	3	1032
0.856	1	2	3	3605
0.856	1	1	3	1032
0.856	3	2	3	3605
0.856	3	1	3	1032
0.857	1	2	3	3605
0.857	1	1	3	1032
0.857	3	2	3	3605
0.857	3	1	3	1032
0.858	1	2	3	3605
0.858	1	1	3	1032
0.858	3	2	3	3605
0.858	3	1	3	1032
0.859	1	2	3	3605
0.859	1	1	3	1032
0.859	3	2	3	3203
0.859	3	1	3	1032
0.86	1	2	3	3605
0.86	1	1	3	1032
0.86	3	2	3	3605
0.86	3	1	3	1032
0.861	1	2	3	3605
0.861	1	1	3	1032
0.861	3	2	3	3605
0.861	3	1	3	1032
0.862	1	2	3	3605
0.862	1	1	3	1032
0.862	3	2	3	3605
0.862	3	1	3	1032
0.863	1	2	3	3605
0.863	1	1	3	1032
0.863	3	2	3	3605
0.863	3	1	3	1032
0.864	1	2	3	3605
0.864	1	1	3	1032
0.864	3	2	3	3605
0.864	3	1	3	1032
0.865	1	2	3	3605
0.865	1	1	3	1032
0.865	3	2	3	3605
0.865	3	1	3	1032
0.866	1	2	3	3605
0.866	1	1	3	1032
0.866	3	2	3	3605
0.866	3	1	3	1032
0.867	1	2	3	3605
0.867	1	1	3	1032
0.867	3	2	3	3605
0.867	3	1	3	1032
0.868	1	2	3	3605
0.868	1	1	3	1032
0.868	3	2	3	3605
0.868	3	1	3	1032
0.869	1	2	3	3605
0.869	1	1	3	1032
0.869	3	2	3	3605
0.869	3	1	3	1032
0.87	1	2	3	3605
0.87	1	1	3	1032
0.87	3	2	3	3605
0.87	3	1	3	1032
0.871	1	2	3	3605
0.871	1	1	3	1032
0.871	3	2	3	3605
0.871	3	1	3	1032
0.872	1	2	3	3203
0.872	1	1	3	1032
0.872	3	2	3	3605
0.872	3	1	3	1032
0.873	1	2	3	3605
0.873	1	1	3	1032
0.873	3	2	3	3605
0.873	3	1	3	1032
0.874	1	2	3	3605
0.874	1	1	3	1032
0.874	3	2	3	3605
0.874	3	1	3	1032
0.875	1	2	3	3605
0.875	1	1	3	1032
0.875	3	2	3	3605
0.875	3	1	3	1032
0.876	1	2	3	3605
0.876	1	1	3	1032
0.876	3	2	3	3605
0.876	3	1	3	1032
0.877	1	2	3	3605
0.877	1	1	3	1032
0.877	3	2	3	3605
0.877	3	1	3	1032
0.878	1	2	3	3605
0.878	1	1	3	1032
0.878	3	2	3	3605
0.878	3	1	3	1032
0.879	1	2	3	3605
0.879	1	1	3	1032
0.879	3	2	3	3605
0.879	3	1	3	1032
0.88	1	2	3	3605
0.88	1	1	3	1032
0.88	3	2	3	3605
0.88	3	1	3	1032
0.881	1	2	3	3605
0.881	1	1	3	1032
0.881	3	2	3	3605
0.881	3	1	3	1032
0.882	1	2	3	3605
0.882	1	1	3	1032
0.882	3	2	3	3605
0.882	3	1	3	1032
0.883	1	2	3	3605
0.883	1	1	3	1032
0.883	3	2	3	3605
0.883	3	1	3	1032
0.884	1	2	3	3605
0.884	1	1	3	1032
0.884	3	2	3	3605
0.884	3	1	3	1032
0.885	1	2	3	3605
0.885	1	1	3	1032
0.885	3	2	3	3605
0.885	3	1	3	1032
0.886	1	2	3	3605
0.886	1	1	3	1032
0.886	3	2	3	3605
0.886	3	1	3	1032
0.887	1	2	3	3605
0.887	1	1	3	1032
0.887	3	2	3	3605
0.887	3	1	3	1032
0.888	1	2	3	3605
0.888	1	1	3	1032
0.888	3	2	3	3605
0.888	3	1	3	1032
0.889	1	2	3	3605
0.889	1	1	3	1032
0.889	3	2	3	3605
0.889	3	1	3	1032
0.89	1	2	3	3605
0.89	1	1	3	1032
0.89	3	2	3	3605
0.89	3	1	3	1032
0.891	1	2	3	3605
0.891	1	1	3	1032
0.891	3	2	3	3605
0.891	3	1	3	1032
0.892	1	2	3	3605
0.892	1	1	3	1032
0.892	3	2	3	3605
0.892	3	1	3	1032
0.893	1	2	3	3605
0.893	1	1	3	1032
0.893	3	2	3	3605
0.893	3	1	3	1032
0.894	1	2	3	3605
0.894	1	1	3	1032
0.894	3	2	3	3605
0.894	3	1	3	1032
0.895	1	2	3	3605
0.895	1	1	3	1032
0.895	3	2	3	3203
0.895	3	1	3	1032
0.896	1	2	3	3605
0.896	1	1	3	1032
0.896	3	2	3	3605
0.896	3	1	3	1032
0.897	1	2	3	3605
0.897	1	1	3	1032
0.897	3	2	3	3605
0.897	3	1	3	1032
0.898	1	2	3	3605
0.898	1	1	3	1032
0.898	3	2	3	3605
0.898	3	1	3	1032
0.899	1	2	3	3605
0.899	1	1	3	1032
0.899	3	2	3	3605
0.899	3	1	3	1032
0.9	1	2	3	3605
0.9	1	1	3	1032
0.9	3	2	3	3605
0.9	3	1	3	1032
0.901	1	2	3	3605
0.901	1	1	3	1032
0.901	3	2	3	3605
0.901	3	1	3	1032
0.902	1	2	3	3605
0.902	1	1	3	1032
0.902	3	2	3	3605
0.902	3	1	3	1032
0.903	1	2	3	3605
0.903	1	1	3	1032
0.903	3	2	3	3605
0.903	3	1	3	1032
0.904	1	2	3	3203
0.904	1	1	3	1032
0.904	3	2	3	3605
0.904	3	1	3	1032
0.905	1	2	3	3605
0.905	1	1	3	1032
0.905	3	2	3	3605
0.905	3	1	3	1032
0.906	1	2	3	3605
0.906	1	1	3	1032
0.906	3	2	3	3605
0.906	3	1	3	1032
0.907	1	2	3	3605
0.907	1	1	3	1032
0.907	3	2	3	3605
0.907	3	1	3	1032
0.908	1	2	3	3605
0.908	1	1	3	1032
0.908	3	2	3	3605
0.908	3	1	3	1032
0.909	1	2	3	3605
0.909	1	1	3	1032
0.909	3	2	3	3605
0.909	3	1	3	1032
0.91	1	2	3	3605
0.91	1	1	3	1032
0.91	3	2	3	3605
0.91	3	1	3	1032
0.911	1	2	3	3605
0.911	1	1	3	1032
0.911	3	2	3	3605
0.911	3	1	3	1032
0.912	1	2	3	3605
0.912	1	1	3	1032
0.912	3	2	3	3605
0.912	3	1	3	1032
0.913	1	2	3	3605
0.913	1	1	3	1032
0.913	3	2	3	3605
0.913	3	1	3	1032
0.914	1	2	3	3605
0.914	1	1	3	1032
0.914	3	2	3	3605
0.914	3	1	3	1032
0.915	1	2	3	3605
0.915	1	1	3	1032
0.915	3	2	3	3605
0.915	3	1	3	1032
0.916	1	2	3	3605
0.916	1	1	3	1032
0.916	3	2	3	3605
0.916	3	1	3	1032
0.917	1	2	3	3605
0.917	1	1	3	1032
0.917	3	2	3	3605
0.917	3	1	3	1032
0.918	1	2	3	3605
0.918	1	1	3	1032
0.918	3	2	3	3605
0.918	3	1	3	1032
0.919	1	2	3	3605
0.919	1	1	3	1032
0.919	3	2	3	3605
0.919	3	1	3	1032
0.92	1	2	3	3605
0.92	1	1	3	1032
0.92	3	2	3	3605
0.92	3	1	3	1032
0.921	1	2	3	3605
0.921	1	1	3	1032
0.921	3	2	3	3605
0.921	3	1	3	1032
0.922	1	2	3	3605
0.922	1	1	3	1032
0.922	3	2	3	3605
0.922	3	1	3	1032
0.923	1	2	3	3605
0.923	1	1	3	1032
0.923	3	2	3	3605
0.923	3	1	3	1032
0.924	1	2	3	3605
0.924	1	1	3	1032
0.924	3	2	3	3605
0.924	3	1	3	1032
0.925	1	2	3	3605
0.925	1	1	3	1032
0.925	3	2	3	3605
0.925	3	1	3	1032
0.926	1	2	3	3605
0.926	1	1	3	1032
0.926	3	2	3	3605
0.926	3	1	3	1032
0.927	1	2	3	3605
0.927	1	1	3	1032
0.927	3	2	3	3605
0.927	3	1	3	1032
0.928	1	2	3	3605
0.928	1	1	3	1032
0.928	3	2	3	3605
0.928	3	1	3	1032
0.929	1	2	3	3605
0.929	1	1	3	1032
0.929	3	2	3	3605
0.929	3	1	3	1032
0.93	1	2	3	3605
0.93	1	1	3	1032
0.93	3	2	3	3605
0.93	3	1	3	1032
0.931	1	2	3	3605
0.931	1	1	3	1032
0.931	3	2	3	3605
0.931	3	1	3	1032
0.932	1	2	3	3605
0.932	1	1	3	1032
0.932	3	2	3	3605
0.932	3	1	3	1032
0.933	1	2	3	3605
0.933	1	1	3	1032
0.933	3	2	3	3605
0.933	3	1	3	1032
0.934	1	2	3	3605
0.934	1	1	3	1032
0.934	3	2	3	3605
0.934	3	1	3	1032
0.935	1	2	3	3605
0.935	1	1	3	1032
0.935	3	2	3	3605
0.935	3	1	3	1032
0.936	1	2	3	3605
0.936	1	1	3	1032
0.936	3	2	3	3605
0.936	3	1	3	1032
0.937	1	2	3	3605
0.937	1	1	3	1032
0.937	3	2	3	3605
0.937	3	1	3	1032
0.938	1	2	3	3605
0.938	1	1	3	1032
0.938	3	2	3	3605
0.938	3	1	3	1032
0.939	1	2	3	3605
0.939	1	1	3	1032
0.939	3	2	3	3203
0.939	3	1	3	1032
0.94	1	2	3	3605
0.94	1	1	3	1032
0.94	3	2	3	3605
0.94	3	1	3	1032
0.941	1	2	3	3605
0.941	1	1	3	1032
0.941	3	2	3	3605
0.941	3	1	3	1032
0.942	1	2	3	3605
0.942	1	1	3	1032
0.942	3	2	3	3605
0.942	3	1	3	1032
0.943	1	2	3	3605
0.943	1	1	3	1032
0.943	3	2	3	3605
0.943	3	1	3	1032
0.944	1	2	3	3605
0.944	1	1	3	1032
0.944	3	2	3	3605
0.944	3	1	3	1032
0.945	1	2	3	3605
0.945	1	1	3	1032
0.945	3	2	3	3605
0.945	3	1	3	1032
0.946	1	2	3	3605
0.946	1	1	3	1032
0.946	3	2	3	3605
0.946	3	1	3	1032
0.947	1	2	3	3605
0.947	1	1	3	1032
0.947	3	2	3	3605
0.947	3	1	3	1032
0.948	1	2	3	3605
0.948	1	1	3	1032
0.948	3	2	3	3605
0.948	3	1	3	1032
0.949	1	2	3	3605
0.949	1	1	3	1032
0.949	3	2	3	3605
0.949	3	1	3	1032
0.95	1	2	3	3605
0.95	1	1	3	1032
0.95	3	2	3	3605
0.95	3	1	3	1032
0.951	1	2	3	3605
0.951	1	1	3	1032
0.951	3	2	3	3605
0.951	3	1	3	1032
0.952	1	2	3	3203
0.952	1	1	3	1032
0.952	3	2	3	3605
0.952	3	1	3	1032
0.953	1	2	3	3605
0.953	1	1	3	1032
0.953	3	2	3	3605
0.953	3	1	3	1032
0.954	1	2	3	3605
0.954	1	1	3	1032
0.954	3	2	3	3605
0.954	3	1	3	1032
0.955	1	2	3	3605
0.955	1	1	3	1032
0.955	3	2	3	3605
0.955	3	1	3	1032
0.956	1	2	3	3605
0.956	1	1	3	1032
0.956	3	2	3	3605
0.956	3	1	3	1032
0.957	1	2	3	3605
0.957	1	1	3	1032
0.957	3	2	3	3605
0.957	3	1	3	1032
0.958	1	2	3	3605
0.958	1	1	3	1032
0.958	3	2	3	3605
0.958	3	1	3	1032
0.959	1	2	3	3605
0.959	1	1	3	1032
0.959	3	2	3	3605
0.959	3	1	3	1032
0.96	1	2	3	3605
0.96	1	1	3	1032
0.96	3	2	3	3605
0.96	3	1	3	1032
0.961	1	2	3	3605
0.961	1	1	3	1032
0.961	3	2	3	3605
0.961	3	1	3	1032
0.962	1	2	3	3605
0.962	1	1	3	1032
0.962	3	2	3	3605
0.962	3	1	3	1032
0.963	1	2	3	3605
0.963	1	1	3	1032
0.963	3	2	3	3605
0.963	3	1	3	1032
0.964	1	2	3	3605
0.964	1	1	3	1032
0.964	3	2	3	3605
0.964	3	1	3	1032
0.965	1	2	3	3605
0.965	1	1	3	1032
0.965	3	2	3	3605
0.965	3	1	3	1032
0.966	1	2	3	3605
0.966	1	1	3	1032
0.966	3	2	3	3605
0.966	3	1	3	1032
0.967	1	2	3	3605
0.967	1	1	3	1032
0.967	3	2	3	3605
0.967	3	1	3	1032
0.968	1	2	3	3605
0.968	1	1	3	1032
0.968	3	2	3	3605
0.968	3	1	3	1032
0.969	1	2	3	3605
0.969	1	1	3	1032
0.969	3	2	3	3605
0.969	3	1	3	1032
0.97	1	2	3	3605
0.97	1	1	3	1032
0.97	3	2	3	3605
0.97	3	1	3	1032
0.971	1	2	3	3605
0.971	1	1	3	1032
0.971	3	2	3	3605
0.971	3	1	3	1032
0.972	1	2	3	3605
0.972	1	1	3	1032
0.972	3	2	3	3605
0.972	3	1	3	1032
0.973	1	2	3	3605
0.973	1	1	3	1032
0.973	3	2	3	3605
0.973	3	1	3	1032
0.974	1	2	3	3605
0.974	1	1	3	1032
0.974	3	2	3	3605
0.974	3	1	3	1032
0.975	1	2	3	3605
0.975	1	1	3	1032
0.975	3	2	3	3203
0.975	3	1	3	1032
0.976	1	2	3	3605
0.976	1	1	3	1032
0.976	3	2	3	3605
0.976	3	1	3	1032
0.977	1	2	3	3605
0.977	1	1	3	1032
0.977	3	2	3	3605
0.977	3	1	3	1032
0.978	1	2	3	3605
0.978	1	1	3	1032
0.978	3	2	3	3605
0.978	3	1	3	1032
0.979	1	2	3	3605
0.979	1	1	3	1032
0.979	3	2	3	3605
0.979	3	1	3	1032
0.98	1	2	3	3605
0.98	1	1	3	1032
0.98	3	2	3	3605
0.98	3	1	3	1032
0.981	1	2	3	3605
0.981	1	1	3	1032
0.981	3	2	3	3605
0.981	3	1	3	1032
0.982	1	2	3	3605
0.982	1	1	3	1032
0.982	3	2	3	3605
0.982	3	1	3	1032
0.983	1	2	3	3605
0.983	1	1	3	1032
0.983	3	2	3	3605
0.983	3	1	3	1032
0.984	1	2	3	3203
0.984	1	1	3	1032
0.984	3	2	3	3605
0.984	3	1	3	1032
0.985	1	2	3	3605
0.985	1	1	3	1032
0.985	3	2	3	3605
0.985	3	1	3	1032
0.986	1	2	3	3605
0.986	1	1	3	1032
0.986	3	2	3	3605
0.986	3	1	3	1032
0.987	1	2	3	3605
0.987	1	1	3	1032
0.987	3	2	3	3605
0.987	3	1	3	1032
0.988	1	2	3	3605
0.988	1	1	3	1032
0.988	3	2	3	3605
0.988	3	1	3	1032
0.989	1	2	3	3605
0.989	1	1	3	1032
0.989	3	2	3	3605
0.989	3	1	3	1032
0.99	1	2	3	3605
0.99	1	1	3	1032
0.99	3	2	3	3605
0.99	3	1	3	1032
0.991	1	2	3	3605
0.991	1	1	3	1032
0.991	3	2	3	3605
0.991	3	1	3	1032
0.992	1	2	3	3605
0.992	1	1	3	1032
0.992	3	2	3	3605
0.992	3	1	3	1032
0.993	1	2	3	3605
0.993	1	1	3	1032
0.993	3	2	3	3605
0.993	3	1	3	1032
0.994	1	2	3	3605
0.994	1	1	3	1032
0.994	3	2	3	3605
0.994	3	1	3	1032
0.995	1	2	3	3605
0.995	1	1	3	1032
0.995	3	2	3	3605
0.995	3	1	3	1032
0.996	1	2	3	3605
0.996	1	1	3	1032
0.996	3	2	3	3605
0.996	3	1	3	1032
0.997	1	2	3	3605
0.997	1	1	3	1032
0.997	3	2	3	3605
0.997	3	1	3	1032
0.998	1	2	3	3605
0.998	1	1	3	1032
0.998	3	2	3	3605
0.998	3	1	3	1032
0.999	1	2	3	3605
0.999	1	1	3	1032
0.999	3	2	3	3605
0.999	3	1	3	1032
1	1	2	3	3605
1	1	1	3	1032
1	3	2	3	3605
1	3	1	3	1032
1.001	1	2	3	3605
1.001	1	1	3	1032
1.001	3	2	3	3605
1.001	3	1	3	1032
1.002	1	2	3	3605
1.002	1	1	3	1032
1.002	3	2	3	3605
1.002	3	1	3	1032
1.003	1	2	3	3605
1.003	1	1	3	1032
1.003	3	2	3	3605
1.003	3	1	3	1032
1.004	1	2	3	3605
1.004	1	1	3	1032
1.004	3	2	3	3605
1.004	3	1	3	1032
1.005	1	2	3	3605
1.005	1	1	3	1032
1.005	3	2	3	3605
1.005	3	1	3	1032
1.006	1	2	3	3605
1.006	1	1	3	1032
1.006	3	2	3	3605
1.006	3	1	3	1032
1.007	1	2	3	3605
1.007	1	1	3	1032
1.007	3	2	3	3605
1.007	3	1	3	1032
1.008	1	2	3	3605
1.008	1	1	3	1032
1.008	3	2	3	3605
1.008	3	1	3	1032
1.009	1	2	3	3605
1.009	1	1	3	1032
1.009	3	2	3	3605
1.009	3	1	3	1032
1.01	1	2	3	3605
1.01	1	1	3	1032
1.01	3	2	3	3605
1.01	3	1	3	1032
1.011	1	2	3	3605
1.011	1	1	3	1032
1.011	3	2	3	3605
1.011	3	1	3	1032
1.012	1	2	3	3605
1.012	1	1	3	1032
1.012	3	2	3	3605
1.012	3	1	3	1032
1.013	1	2	3	3605
1.013	1	1	3	1032
1.013	3	2	3	3605
1.013	3	1	3	1032
1.014	1	2	3	3605
1.014	1	1	3	1032
1.014	3	2	3	3605
1.014	3	1	3	1032
1.015	1	2	3	3605
1.015	1	1	3	1032
1.015	3	2	3	3605
1.015	3	1	3	1032
1.016	1	2	3	3605
1.016	1	1	3	1032
1.016	3	2	3	3605
1.016	3	1	3	1032
1.017	1	2	3	3605
1.017	1	1	3	1032
1.017	3	2	3	3605
1.017	3	1	3	1032
1.018	1	2	3	3605
1.018	1	1	3	1032
1.018	3	2	3	3605
1.018	3	1	3	1032
1.019	1	2	3	3605
1.019	1	1	3	1032
1.019	3	2	3	3203
1.019	3	1	3	1032
1.02	1	2	3	3605
1.02	1	1	3	1032
1.02	3	2	3	3605
1.02	3	1	3	1032
1.021	1	2	3	3605
1.021	1	1	3	1032
1.021	3	2	3	3605
1.021	3	1	3	1032
1.022	1	2	3	3605
1.022	1	1	3	1032
1.022	3	2	3	3605
1.022	3	1	3	1032
1.023	1	2	3	3605
1.023	1	1	3	1032
1.023	3	2	3	3605
1.023	3	1	3	1032
1.024	1	2	3	3605
1.024	1	1	3	1032
1.024	3	2	3	3605
1.024	3	1	3	1032
1.025	1	2	3	3605
1.025	1	1	3	1032
1.025	3	2	3	3605
1.025	3	1	3	1032
1.026	1	2	3	3605
1.026	1	1	3	1032
1.026	3	2	3	3605
1.026	3	1	3	1032
1.027	1	2	3	3605
1.027	1	1	3	1032
1.027	3	2	3	3605
1.027	3	1	3	1032
1.028	1	2	3	3605
1.028	1	1	3	1032
1.028	3	2	3	3605
1.028	3	1	3	1032
1.029	1	2	3	3605
1.029	1	1	3	1032
1.029	3	2	3	3605
1.029	3	1	3	1032
1.03	1	2	3	3605
1.03	1	1	3	1032
1.03	3	2	3	3605
1.03	3	1	3	1032
1.031	1	2	3	3605
1.031	1	1	3	1032
1.031	3	2	3	3605
1.031	3	1	3	1032
1.032	1	2	3	3203
1.032	1	1	3	1032
1.032	3	2	3	3605
1.032	3	1	3	1032
1.033	1	2	3	3605
1.033	1	1	3	1032
1.033	3	2	3	3605
1.033	3	1	3	1032
1.034	1	2	3	3605
1.034	1	1	3	1032
1.034	3	2	3	3605
1.034	3	1	3	1032
1.035	1	2	3	3605
1.035	1	1	3	1032
1.035	3	2	3	3605
1.035	3	1	3	1032
1.036	1	2	3	3605
1.036	1	1	3	1032
1.036	3	2	3	3605
1.036	3	1	3	1032
1.037	1	2	3	3605
1.037	1	1	3	1032
1.037	3	2	3	3605
1.037	3	1	3	1032
1.038	1	2	3	3605
1.038	1	1	3	1032
1.038	3	2	3	3605
1.038	3	1	3	1032
1.039	1	2	3	3605
1.039	1	1	3	1032
1.039	3	2	3	3605
1.039	3	1	3	1032
1.04	1	2	3	3605
1.04	1	1	3	1032
1.04	3	2	3	3605
1.04	3	1	3	1032
1.041	1	2	3	3605
1.041	1	1	3	1032
1.041	3	2	3	3605
1.041	3	1	3	1032
1.042	1	2	3	3605
1.042	1	1	3	1032
1.042	3	2	3	3605
1.042	3	1	3	1032
1.043	1	2	3	3605
1.043	1	1	3	1032
1.043	3	2	3	3605
1.043	3	1	3	1032
1.044	1	2	3	3605
1.044	1	1	3	1032
1.044	3	2	3	3605
1.044	3	1	3	1032
1.045	1	2	3	3605
1.045	1	1	3	1032
1.045	3	2	3	3605
1.045	3	1	3	1032
1.046	1	2	3	3605
1.046	1	1	3	1032
1.046	3	2	3	3605
1.046	3	1	3	1032
1.047	1	2	3	3605
1.047	1	1	3	1032
1.047	3	2	3	3605
1.047	3	1	3	1032
1.048	1	2	3	3605
1.048	1	1	3	1032
1.048	3	2	3	3605
1.048	3	1	3	1032
1.049	1	2	3	3605
1.049	1	1	3	1032
1.049	3	2	3	3605
1.049	3	1	3	1032
1.05	1	2	3	3605
1.05	1	1	3	1032
1.05	3	2	3	3605
1.05	3	1	3	1032
1.051	1	2	3	3605
1.051	1	1	3	1032
1.051	3	2	3	3605
1.051	3	1	3	1032
1.052	1	2	3	3605
1.052	1	1	3	1032
1.052	3	2	3	3605
1.052	3	1	3	1032
1.053	1	2	3	3605
1.053	1	1	3	1032
1.053	3	2	3	3605
1.053	3	1	3	1032
1.054	1	2	3	3605
1.054	1	1	3	1032
1.054	3	2	3	3605
1.054	3	1	3	1032
1.055	1	2	3	3605
1.055	1	1	3	1032
1.055	3	2	3	3203
1.055	3	1	3	1032
1.056	1	2	3	3605
1.056	1	1	3	1032
1.056	3	2	3	3605
1.056	3	1	3	1032
1.057	1	2	3	3605
1.057	1	1	3	1032
1.057	3	2	3	3605
1.057	3	1	3	1032
1.058	1	2	3	3605
1.058	1	1	3	1032
1.058	3	2	3	3605
1.058	3	1	3	1032
1.059	1	2	3	3605
1.059	1	1	3	1032
1.059	3	2	3	3605
1.059	3	1	3	1032
1.06	1	2	3	3605
1.06	1	1	3	1032
1.06	3	2	3	3605
1.06	3	1	3	1032
1.061	1	2	3	3605
1.061	1	1	3	1032
1.061	3	2	3	3605
1.061	3	1	3	1032
1.062	1	2	3	3605
1.062	1	1	3	1032
1.062	3	2	3	3605
1.062	3	1	3	1032
1.063	1	2	3	3605
1.063	1	1	3	1032
1.063	3	2	3	3605
1.063	3	1	3	1032
1.064	1	2	3	3203
1.064	1	1	3	1032
1.064	3	2	3	3605
1.064	3	1	3	1032
1.065	1	2	3	3605
1.065	1	1	3	1032
1.065	3	2	3	3605
1.065	3	1	3	1032
1.066	1	2	3	3605
1.066	1	1	3	1032
1.066	3	2	3	3605
1.066	3	1	3	1032
1.067	1	2	3	3605
1.067	1	1	3	1032
1.067	3	2	3	3605
1.067	3	1	3	1032
1.068	1	2	3	3605
1.068	1	1	3	1032
1.068	3	2	3	3605
1.068	3	1	3	1032
1.069	1	2	3	3605
1.069	1	1	3	1032
1.069	3	2	3	3605
1.069	3	1	3	1032
1.07	1	2	3	3605
1.07	1	1	3	1032
1.07	3	2	3	3605
1.07	3	1	3	1032
1.071	1	2	3	3605
1.071	1	1	3	1032
1.071	3	2	3	3605
1.071	3	1	3	1032
1.072	1	2	3	3605
1.072	1	1	3	1032
1.072	3	2	3	3605
1.072	3	1	3	1032
1.073	1	2	3	3605
1.073	1	1	3	1032
1.073	3	2	3	3605
1.073	3	1	3	1032
1.074	1	2	3	3605
1.074	1	1	3	1032
1.074	3	2	3	3605
1.074	3	1	3	1032
1.075	1	2	3	3605
1.075	1	1	3	1032
1.075	3	2	3	3605
1.075	3	1	3	1032
1.076	1	2	3	3605
1.076	1	1	3	1032
1.076	3	2	3	3605
1.076	3	1	3	1032
1.077	1	2	3	3605
1.077	1	1	3	1032
1.077	3	2	3	3605
1.077	3	1	3	1032
1.078	1	2	3	3605
1.078	1	1	3	1032
1.078	3	2	3	3605
1.078	3	1	3	1032
1.079	1	2	3	3605
1.079	1	1	3	1032
1.079	3	2	3	3605
1.079	3	1	3	1032
1.08	1	2	3	3605
1.08	1	1	3	1032
1.08	3	2	3	3605
1.08	3	1	3	1032
1.081	1	2	3	3605
1.081	1	1	3	1032
1.081	3	2	3	3605
1.081	3	1	3	1032
1.082	1	2	3	3605
1.082	1	1	3	1032
1.082	3	2	3	3605
1.082	3	1	3	1032
1.083	1	2	3	3605
1.083	1	1	3	1032
1.083	3	2	3	3605
1.083	3	1	3	1032
1.084	1	2	3	3605
1.084	1	1	3	1032
1.084	3	2	3	3605
1.084	3	1	3	1032
1.085	1	2	3	3605
1.085	1	1	3	1032
1.085	3	2	3	3605
1.085	3	1	3	1032
1.086	1	2	3	3605
1.086	1	1	3	1032
1.086	3	2	3	3605
1.086	3	1	3	1032
1.087	1	2	3	3605
1.087	1	1	3	1032
1.087	3	2	3	3605
1.087	3	1	3	1032
1.088	1	2	3	3605
1.088	1	1	3	1032
1.088	3	2	3	3605
1.088	3	1	3	1032
1.089	1	2	3	3605
1.089	1	1	3	1032
1.089	3	2	3	3605
1.089	3	1	3	1032
1.09	1	2	3	3605
1.09	1	1	3	1032
1.09	3	2	3	3605
1.09	3	1	3	1032
1.091	1	2	3	3605
1.091	1	1	3	1032
1.091	3	2	3	3605
1.091	3	1	3	1032
1.092	1	2	3	3605
1.092	1	1	3	1032
1.092	3	2	3	3605
1.092	3	1	3	1032
1.093	1	2	3	3605
1.093	1	1	3	1032
1.093	3	2	3	3605
1.093	3	1	3	1032
1.094	1	2	3	3605
1.094	1	1	3	1032
1.094	3	2	3	3605
1.094	3	1	3	1032
1.095	1	2	3	3605
1.095	1	1	3	1032
1.095	3	2	3	3605
1.095	3	1	3	1032
1.096	1	2	3	3605
1.096	1	1	3	1032
1.096	3	2	3	3605
1.096	3	1	3	1032
1.097	1	2	3	3605
1.097	1	1	3	1032
1.097	3	2	3	3605
1.097	3	1	3	1032
1.098	1	2	3	3605
1.098	1	1	3	1032
1.098	3	2	3	3605
1.098	3	1	3	1032
1.099	1	2	3	3605
1.099	1	1	3	1032
1.099	3	2	3	3203
1.099	3	1	3	1032
1.1	1	2	3	3605
1.1	1	1	3	1032
1.1	3	2	3	3605
1.1	3	1	3	1032
1.101	1	2	3	3605
1.101	1	1	3	1032
1.101	3	2	3	3605
1.101	3	1	3	1032
1.102	1	2	3	3605
1.102	1	1	3	1032
1.102	3	2	3	3605
1.102	3	1	3	1032
1.103	1	2	3	3605
1.103	1	1	3	1032
1.103	3	2	3	3605
1.103	3	1	3	1032
1.104	1	2	3	3605
1.104	1	1	3	1032
1.104	3	2	3	3605
1.104	3	1	3	1032
1.105	1	2	3	3605
1.105	1	1	3	1032
1.105	3	2	3	3605
1.105	3	1	3	1032
1.106	1	2	3	3605
1.106	1	1	3	1032
1.106	3	2	3	3605
1.106	3	1	3	1032
1.107	1	2	3	3605
1.107	1	1	3	1032
1.107	3	2	3	3605
1.107	3	1	3	1032
1.108	1	2	3	3605
1.108	1	1	3	1032
1.108	3	2	3	3605
1.108	3	1	3	1032
1.109	1	2	3	3605
1.109	1	1	3	1032
1.109	3	2	3	3605
1.109	3	1	3	1032
1.11	1	2	3	3605
1.11	1	1	3	1032
1.11	3	2	3	3605
1.11	3	1	3	1032
1.111	1	2	3	3605
1.111	1	1	3	1032
1.111	3	2	3	3605
1.111	3	1	3	1032
1.112	1	2	3	3203
1.112	1	1	3	1032
1.112	3	2	3	3605
1.112	3	1	3	1032
1.113	1	2	3	3605
1.113	1	1	3	1032
1.113	3	2	3	3605
1.113	3	1	3	1032
1.114	1	2	3	3605
1.114	1	1	3	1032
1.114	3	2	3	3605
1.114	3	1	3	1032
1.115	1	2	3	3605
1.115	1	1	3	1032
1.115	3	2	3	3605
1.115	3	1	3	1032
1.116	1	2	3	3605
1.116	1	1	3	1032
1.116	3	2	3	3605
1.116	3	1	3	1032
1.117	1	2	3	3605
1.117	1	1	3	1032
1.117	3	2	3	3605
1.117	3	1	3	1032
1.118	1	2	3	3605
1.118	1	1	3	1032
1.118	3	2	3	3605
1.118	3	1	3	1032
1.119	1	2	3	3605
1.119	1	1	3	1032
1.119	3	2	3	3605
1.119	3	1	3	1032
1.12	1	2	3	3605
1.12	1	1	3	1032
1.12	3	2	3	3605
1.12	3	1	3	1032
1.121	1	2	3	3605
1.121	1	1	3	1032
1.121	3	2	3	3605
1.121	3	1	3	1032
1.122	1	2	3	3605
1.122	1	1	3	1032
1.122	3	2	3	3605
1.122	3	1	3	1032
1.123	1	2	3	3605
1.123	1	1	3	1032
1.123	3	2	3	3605
1.123	3	1	3	1032
1.124	1	2	3	3605
1.124	1	1	3	1032
1.124	3	2	3	3605
1.124	3	1	3	1032
1.125	1	2	3	3605
1.125	1	1	3	1032
1.125	3	2	3	3605
1.125	3	1	3	1032
1.126	1	2	3	3605
1.126	1	1	3	1032
1.126	3	2	3	3605
1.126	3	1	3	1032
1.127	1	2	3	3605
1.127	1	1	3	1032
1.127	3	2	3	3605
1.127	3	1	3	1032
1.128	1	2	3	3605
1.128	1	1	3	1032
1.128	3	2	3	3605
1.128	3	1	3	1032
1.129	1	2	3	3605
1.129	1	1	3	1032
1.129	3	2	3	3605
1.129	3	1	3	1032
1.13	1	2	3	3605
1.13	1	1	3	1032
1.13	3	2	3	3605
1.13	3	1	3	1032
1.131	1	2	3	3605
1.131	1	1	3	1032
1.131	3	2	3	3605
1.131	3	1	3	1032
1.132	1	2	3	3605
1.132	1	1	3	1032
1.132	3	2	3	3605
1.132	3	1	3	1032
1.133	1	2	3	3605
1.133	1	1	3	1032
1.133	3	2	3	3605
1.133	3	1	3	1032
1.134	1	2	3	3605
1.134	1	1	3	1032
1.134	3	2	3	3605
1.134	3	1	3	1032
1.135	1	2	3	3605
1.135	1	1	3	1032
1.135	3	2	3	3203
1.135	3	1	3	1032
1.136	1	2	3	3605
1.136	1	1	3	1032
1.136	3	2	3	3605
1.136	3	1	3	1032
1.137	1	2	3	3605
1.137	1	1	3	1032
1.137	3	2	3	3605
1.137	3	1	3	1032
1.138	1	2	3	3605
1.138	1	1	3	1032
1.138	3	2	3	3605
1.138	3	1	3	1032
1.139	1	2	3	3605
1.139	1	1	3	1032
1.139	3	2	3	3605
1.139	3	1	3	1032
1.14	1	2	3	3605
1.14	1	1	3	1032
1.14	3	2	3	3605
1.14	3	1	3	1032
1.141	1	2	3	3605
1.141	1	1	3	1032
1.141	3	2	3	3605
1.141	3	1	3	1032
1.142	1	2	3	3605
1.142	1	1	3	1032
1.142	3	2	3	3605
1.142	3	1	3	1032
1.143	1	2	3	3605
1.143	1	1	3	1032
1.143	3	2	3	3605
1.143	3	1	3	1032
1.144	1	2	3	3203
1.144	1	1	3	1032
1.144	3	2	3	3605
1.144	3	1	3	1032
1.145	1	2	3	3605
1.145	1	1	3	1032
1.145	3	2	3	3605
1.145	3	1	3	1032
1.146	1	2	3	3605
1.146	1	1	3	1032
1.146	3	2	3	3605
1.146	3	1	3	1032
1.147	1	2	3	3605
1.147	1	1	3	1032
1.147	3	2	3	3605
1.147	3	1	3	1032
1.148	1	2	3	3605
1.148	1	1	3	1032
1.148	3	2	3	3605
1.148	3	1	3	1032
1.149	1	2	3	3605
1.149	1	1	3	1032
1.149	3	2	3	3605
1.149	3	1	3	1032
1.15	1	2	3	3605
1.15	1	1	3	1032
1.15	3	2	3	3605
1.15	3	1	3	1032
1.151	1	2	3	3605
1.151	1	1	3	1032
1.151	3	2	3	3605
1.151	3	1	3	1032
1.152	1	2	3	3605
1.152	1	1	3	1032
1.152	3	2	3	3605
1.152	3	1	3	1032
1.153	1	2	3	3605
1.153	1	1	3	1032
1.153	3	2	3	3605
1.153	3	1	3	1032
1.154	1	2	3	3605
1.154	1	1	3	1032
1.154	3	2	3	3605
1.154	3	1	3	1032
1.155	1	2	3	3605
1.155	1	1	3	1032
1.155	3	2	3	3605
1.155	3	1	3	1032
1.156	1	2	3	3605
1.156	1	1	3	1032
1.156	3	2	3	3605
1.156	3	1	3	1032
1.157	1	2	3	3605
1.157	1	1	3	1032
1.157	3	2	3	3605
1.157	3	1	3	1032
1.158	1	2	3	3605
1.158	1	1	3	1032
1.158	3	2	3	3605
1.158	3	1	3	1032
1.159	1	2	3	3605
1.159	1	1	3	1032
1.159	3	2	3	3605
1.159	3	1	3	1032
1.16	1	2	3	3605
1.16	1	1	3	1032
1.16	3	2	3	3605
1.16	3	1	3	1032
1.161	1	2	3	3605
1.161	1	1	3	1032
1.161	3	2	3	3605
1.161	3	1	3	1032
1.162	1	2	3	3605
1.162	1	1	3	1032
1.162	3	2	3	3605
1.162	3	1	3	1032
1.163	1	2	3	3605
1.163	1	1	3	1032
1.163	3	2	3	3605
1.163	3	1	3	1032
1.164	1	2	3	3605
1.164	1	1	3	1032
1.164	3	2	3	3605
1.164	3	1	3	1032
1.165	1	2	3	3605
1.165	1	1	3	1032
1.165	3	2	3	3605
1.165	3	1	3	1032
1.166	1	2	3	3605
1.166	1	1	3	1032
1.166	3	2	3	3605
1.166	3	1	3	1032
1.167	1	2	3	3605
1.167	1	1	3	1032
1.167	3	2	3	3605
1.167	3	1	3	1032
1.168	1	2	3	3605
1.168	1	1	3	1032
1.168	3	2	3	3605
1.168	3	1	3	1032
1.169	1	2	3	3605
1.169	1	1	3	1032
1.169	3	2	3	3605
1.169	3	1	3	1032
1.17	1	2	3	3605
1.17	1	1	3	1032
1.17	3	2	3	3605
1.17	3	1	3	1032
1.171	1	2	3	3605
1.171	1	1	3	1032
1.171	3	2	3	3605
1.171	3	1	3	1032
1.172	1	2	3	3605
1.172	1	1	3	1032
1.172	3	2	3	3605
1.172	3	1	3	1032
1.173	1	2	3	3605
1.173	1	1	3	1032
1.173	3	2	3	3605
1.173	3	1	3	1032
1.174	1	2	3	3605
1.174	1	1	3	1032
1.174	3	2	3	3605
1.174	3	1	3	1032
1.175	1	2	3	3605
1.175	1	1	3	1032
1.175	3	2	3	3605
1.175	3	1	3	1032
1.176	1	2	3	3605
1.176	1	1	3	1032
1.176	3	2	3	3605
1.176	3	1	3	1032
1.177	1	2	3	3605
1.177	1	1	3	1032
1.177	3	2	3	3605
1.177	3	1	3	1032
1.178	1	2	3	3605
1.178	1	1	3	1032
1.178	3	2	3	3605
1.178	3	1	3	1032
1.179	1	2	3	3605
1.179	1	1	3	1032
1.179	3	2	3	3203
1.179	3	1	3	1032
1.18	1	2	3	3605
1.18	1	1	3	1032
1.18	3	2	3	3605
1.18	3	1	3	1032
1.181	1	2	3	3605
1.181	1	1	3	1032
1.181	3	2	3	3605
1.181	3	1	3	1032
1.182	1	2	3	3605
1.182	1	1	3	1032
1.182	3	2	3	3605
1.182	3	1	3	1032
1.183	1	2	3	3605
1.183	1	1	3	1032
1.183	3	2	3	3605
1.183	3	1	3	1032
1.184	1	2	3	3605
1.184	1	1	3	1032
1.184	3	2	3	3605
1.184	3	1	3	1032
1.185	1	2	3	3605
1.185	1	1	3	1032
1.185	3	2	3	3605
1.185	3	1	3	1032
1.186	1	2	3	3605
1.186	1	1	3	1032
1.186	3	2	3	3605
1.186	3	1	3	1032
1.187	1	2	3	3605
1.187	1	1	3	1032
1.187	3	2	3	3605
1.187	3	1	3	1032
1.188	1	2	3	3605
1.188	1	1	3	1032
1.188	3	2	3	3605
1.188	3	1	3	1032
1.189	1	2	3	3605
1.189	1	1	3	1032
1.189	3	2	3	3605
1.189	3	1	3	1032
1.19	1	2	3	3605
1.19	1	1	3	1032
1.19	3	2	3	3605
1.19	3	1	3	1032
1.191	1	2	3	3605
1.191	1	1	3	1032
1.191	3	2	3	3605
1.191	3	1	3	1032
1.192	1	2	3	3203
1.192	1	1	3	1032
1.192	3	2	3	3605
1.192	3	1	3	1032
1.193	1	2	3	3605
1.193	1	1	3	1032
1.193	3	2	3	3605
1.193	3	1	3	1032
1.194	1	2	3	3605
1.194	1	1	3	1032
1.194	3	2	3	3605
1.194	3	1	3	1032
1.195	1	2	3	3605
1.195	1	1	3	1032
1.195	3	2	3	3605
1.195	3	1	3	1032
1.196	1	2	3	3605
1.196	1	1	3	1032
1.196	3	2	3	3605
1.196	3	1	3	1032
1.197	1	2	3	3605
1.197	1	1	3	1032
1.197	3	2	3	3605
1.197	3	1	3	1032
1.198	1	2	3	3605
1.198	1	1	3	1032
1.198	3	2	3	3605
1.198	3	1	3	1032
1.199	1	2	3	3605
1.199	1	1	3	1032
1.199	3	2	3	3605
1.199	3	1	3	1032
1.2	1	2	3	3605
1.2	1	1	3	1032
1.2	3	2	3	3605
1.2	3	1	3	1032
1.201	1	2	3	3605
1.201	1	1	3	1032
1.201	3	2	3	3605
1.201	3	1	3	1032
1.202	1	2	3	3605
1.202	1	1	3	1032
1.202	3	2	3	3605
1.202	3	1	3	1032
1.203	1	2	3	3605
1.203	1	1	3	1032
1.203	3	2	3	3605
1.203	3	1	3	1032
1.204	1	2	3	3605
1.204	1	1	3	1032
1.204	3	2	3	3605
1.204	3	1	3	1032
1.205	1	2	3	3605
1.205	1	1	3	1032
1.205	3	2	3	3605
1.205	3	1	3	1032
1.206	1	2	3	3605
1.206	1	1	3	1032
1.206	3	2	3	3605
1.207	1	2	3	3605
1.207	1	1	3	1032
1.207	3	2	3	2401
1.207	3	1	3	2064
1.208	1	2	3	3605
1.208	1	1	3	1032
1.208	3	2	3	3605
1.209	1	2	3	3605
1.209	1	1	3	1032
1.209	3	2	3	2401
1.209	3	1	3	2064
1.21	1	1	3	1032
1.21	3	2	3	3605
1.21	3	1	3	1032
1.211	1	2	3	3329
1.211	1	1	3	1032
1.211	3	2	3	3605
1.211	3	1	3	1032
1.212	1	2	3	3605
1.212	1	1	3	1032
1.212	3	2	3	3605
1.212	3	1	3	1032
1.213	1	2	3	3605
1.213	1	1	3	1032
1.213	3	2	3	3605
1.213	3	1	3	1032
1.214	1	2	3	3605
1.214	1	1	3	1032
1.214	3	2	3	3605
1.214	3	1	3	1032
1.215	1	2	3	3605
1.215	1	1	3	1032
1.215	3	2	3	3203
1.215	3	1	3	1032
1.216	1	2	3	3605
1.216	1	1	3	1032
1.216	3	2	3	3605
1.216	3	1	3	1032
1.217	1	2	3	3605
1.217	1	1	3	1032
1.217	3	2	3	3605
1.217	3	1	3	1032
1.218	1	2	3	3605
1.218	1	1	3	1032
1.218	3	2	3	3605
1.218	3	1	3	1032
1.219	1	2	3	3605
1.219	1	1	3	1032
1.219	3	2	3	3605
1.219	3	1	3	1032
1.22	1	2	3	3605
1.22	1	1	3	1032
1.22	3	2	3	3605
1.22	3	1	3	1032
1.221	1	2	3	3605
1.221	1	1	3	1032
1.221	3	2	3	3605
1.221	3	1	3	1032
1.222	1	2	3	3605
1.222	1	1	3	1032
1.222	3	2	3	3605
1.222	3	1	3	1032
1.223	1	2	3	3605
1.223	1	1	3	1032
1.223	3	2	3	3605
1.223	3	1	3	1032
1.224	1	2	3	3203
1.224	1	1	3	1032
1.224	3	2	3	3605
1.224	3	1	3	1032
1.225	1	2	3	3605
1.225	1	1	3	1032
1.225	3	2	3	3605
1.225	3	1	3	1032
1.226	1	2	3	3605
1.226	1	1	3	1032
1.226	3	2	3	3605
1.226	3	1	3	1032
1.227	1	2	3	3605
1.227	1	1	3	1032
1.227	3	2	3	3605
1.227	3	1	3	1032
1.228	1	2	3	3605
1.228	1	1	3	1032
1.228	3	2	3	3605
1.228	3	1	3	1032
1.229	1	2	3	3605
1.229	1	1	3	1032
1.229	3	2	3	3605
1.229	3	1	3	1032
1.23	1	2	3	3605
1.23	1	1	3	1032
1.23	3	2	3	3605
1.23	3	1	3	1032
1.231	1	2	3	3605
1.231	1	1	3	1032
1.231	3	2	3	3605
1.231	3	1	3	1032
1.232	1	2	3	3605
1.232	1	1	3	1032
1.232	3	2	3	3605
1.232	3	1	3	1032
1.233	1	2	3	3605
1.233	1	1	3	1032
1.233	3	2	3	3605
1.233	3	1	3	1032
1.234	1	2	3	3605
1.234	1	1	3	1032
1.234	3	2	3	3605
1.234	3	1	3	1032
1.235	1	2	3	3605
1.235	1	1	3	1032
1.235	3	2	3	3605
1.236	1	2	3	3605
1.236	1	1	3	1032
1.236	3	2	3	2401
1.236	3	1	3	1958
1.237	1	2	3	3605
1.237	1	1	3	1032
1.237	3	2	3	3605
1.238	1	2	3	3605
1.238	1	1	3	1032
1.238	3	2	3	2401
1.238	3	1	3	2171
1.239	1	2	3	3605
1.239	1	1	3	1032
1.239	3	2	3	3605
1.239	3	1	3	1032
1.24	1	2	3	3605
1.24	1	1	3	1032
1.24	3	2	3	3605
1.24	3	1	3	1032
1.241	1	2	3	3605
1.241	1	1	3	1032
1.241	3	2	3	3605
1.241	3	1	3	1032
1.242	1	2	3	3605
1.242	1	1	3	1032
1.242	3	2	3	3605
1.242	3	1	3	1032
1.243	1	2	3	3605
1.243	3	2	3	3605
1.243	3	1	3	1032
1.244	1	2	3	2401
1.244	1	1	3	2064
1.244	3	2	3	3605
1.244	3	1	3	1032
1.245	1	2	3	3605
1.245	1	1	3	1032
1.245	3	2	3	3605
1.246	1	2	3	3605
1.246	1	1	3	1032
1.246	3	2	3	2401
1.246	3	1	3	2064
1.247	1	2	3	3605
1.247	1	1	3	1032
1.247	3	2	3	3605
1.247	3	1	3	1032
1.248	1	2	3	3605
1.248	1	1	3	1032
1.248	3	2	3	3605
1.248	3	1	3	1032
1.249	1	2	3	3605
1.249	1	1	3	1032
1.249	3	2	3	3605
1.249	3	1	3	1032
1.25	1	2	3	3605
1.25	1	1	3	1032
1.25	3	2	3	3605
1.25	3	1	3	1032
1.251	1	2	3	3605
1.251	1	1	3	1032
1.251	3	2	3	3605
1.251	3	1	3	1032
1.252	1	2	3	3605
1.252	1	1	3	1032
1.252	3	2	3	3605
1.252	3	1	3	1032
1.253	1	2	3	3605
1.253	1	1	3	1032
1.253	3	2	3	3605
1.253	3	1	3	1032
1.254	1	2	3	3605
1.254	1	1	3	1032
1.254	3	2	3	3605
1.254	3	1	3	1032
1.255	1	2	3	3605
1.255	3	1	3	1032
1.256	1	2	3	3605
1.256	3	2	3	3329
1.256	3	1	3	1032
1.257	1	2	3	2401
1.257	1	1	3	2220
1.257	3	2	3	3605
1.257	3	1	3	1032
1.258	1	2	3	2401
1.258	1	1	3	1909
1.258	3	2	3	3329
1.259	1	2	3	3605
1.259	1	1	3	1032
1.259	3	2	3	1849
1.259	3	1	3	2064
1.26	1	2	3	3605
1.26	1	1	3	1032
1.26	3	2	3	3605
1.26	3	1	3	1032
1.261	1	2	3	3605
1.261	1	1	3	1032
1.261	3	2	3	3605
1.261	3	1	3	1032
1.262	1	2	3	3605
1.262	1	1	3	1032
1.262	3	2	3	3605
1.262	3	1	3	1032
1.263	1	2	3	3605
1.263	1	1	3	1032
1.263	3	2	3	3605
1.263	3	1	3	1032
1.264	1	2	3	3605
1.264	1	1	3	1032
1.264	3	2	3	3605
1.264	3	1	3	1032
1.265	1	2	3	3605
1.265	1	1	3	1032
1.265	3	2	3	3605
1.265	3	1	3	1032
1.266	1	2	3	3605
1.266	1	1	3	1032
1.266	3	2	3	3605
1.267	1	1	3	1032
1.267	3	2	3	2220
1.267	3	1	3	1958
1.268	1	2	3	3605
1.268	1	1	3	1032
1.268	3	2	3	3605
1.269	1	2	3	3605
1.269	1	1	3	1032
1.269	3	2	3	2401
1.269	3	1	3	2171
1.27	1	2	3	3605
1.27	1	1	3	1032
1.27	3	2	3	3605
1.27	3	1	3	1032
1.271	1	2	3	3605
1.271	1	1	3	1032
1.271	3	2	3	3605
1.271	3	1	3	1032
1.272	1	2	3	3203
1.272	1	1	3	1032
1.272	3	2	3	3605
1.272	3	1	3	1032
1.273	1	2	3	3605
1.273	1	1	3	1032
1.273	3	2	3	3605
1.273	3	1	3	1032
1.274	1	2	3	3605
1.274	1	1	3	1032
1.274	3	2	3	3605
1.274	3	1	3	1032
1.275	1	2	3	3605
1.275	1	1	3	1032
1.275	3	2	3	3605
1.275	3	1	3	1032
1.276	1	2	3	3605
1.276	1	1	3	1032
1.276	3	2	3	3605
1.276	3	1	3	1032
1.277	1	2	3	3605
1.277	1	1	3	1032
1.277	3	2	3	3605
1.277	3	1	3	1032
1.278	1	2	3	3605
1.278	1	1	3	1032
1.278	3	2	3	3605
1.278	3	1	3	1032
1.279	1	2	3	3605
1.279	1	1	3	1032
1.279	3	2	3	3605
1.279	3	1	3	1032
1.28	1	2	3	3605
1.28	1	1	3	1032
1.28	3	2	3	3605
1.28	3	1	3	1032
1.281	1	2	3	3605
1.281	1	1	3	1032
1.281	3	2	3	3605
1.281	3	1	3	1032
1.282	1	2	3	3605
1.282	1	1	3	1032
1.282	3	2	3	3605
1.282	3	1	3	1032
1.283	1	2	3	3605
1.283	1	1	3	1032
1.283	3	2	3	3605
1.283	3	1	3	1032
1.284	1	2	3	3605
1.284	1	1	3	1032
1.284	3	2	3	3605
1.284	3	1	3	1032
1.285	1	2	3	3605
1.285	1	1	3	1032
1.285	3	2	3	3605
1.286	1	2	3	3605
1.286	1	1	3	1032
1.286	3	1	3	1108
1.287	1	2	3	3605
1.287	1	1	3	1032
1.287	3	2	3	3605
1.288	1	2	3	3605
1.288	1	1	3	1032
1.288	3	2	3	2401
1.288	3	1	3	1958
1.289	1	2	3	3605
1.289	1	1	3	1032
1.289	3	2	3	3605
1.29	1	2	3	3605
1.29	1	1	3	1032
1.29	3	2	3	2220
1.29	3	1	3	2220
1.291	1	2	3	3605
1.291	1	1	3	1032
1.291	3	2	3	2401
1.291	3	1	3	1943
1.292	1	2	3	3605
1.292	1	1	3	1032
1.292	3	2	3	3605
1.292	3	1	3	1032
1.293	1	2	3	3605
1.293	1	1	3	1032
1.293	3	2	3	3605
1.293	3	1	3	1032
1.294	1	2	3	3605
1.294	1	1	3	1032
1.294	3	2	3	3605
1.294	3	1	3	1032
1.295	1	2	3	3605
1.295	3	2	3	3203
1.295	3	1	3	1032
1.296	1	2	3	3605
1.296	3	2	3	3605
1.296	3	1	3	1032
1.297	1	2	3	3605
1.297	3	2	3	3605
1.298	1	2	3	3605
1.298	3	1	3	977
1.299	1	2	3	2401
1.299	1	1	3	2220
1.299	3	2	3	3329
1.3	1	2	3	2401
1.3	1	1	3	2220
1.3	3	2	3	2220
1.3	3	1	3	2220
1.301	1	2	3	2401
1.301	1	1	3	2401
1.301	3	2	3	2803
1.301	3	1	3	1966
1.302	1	2	3	3203
1.302	1	1	3	1418
1.302	3	2	3	3605
1.302	3	1	3	1032
1.303	1	2	3	3605
1.303	1	1	3	1032
1.303	3	2	3	3329
1.303	3	1	3	1032
1.304	1	1	3	1032
1.304	3	1	3	977
1.305	1	2	3	2220
1.305	3	1	3	1089
1.306	1	2	3	2220
1.306	3	1	3	1032
1.307	1	2	3	2401
1.307	3	1	3	1032
1.308	1	2	3	3203
1.308	3	1	3	1032
1.309	1	2	3	3605
1.309	3	2	3	1696
1.31	1	2	3	2401
1.31	1	1	3	2220
1.31	3	2	3	2939
1.311	1	2	3	2401
1.311	1	1	3	2220
1.311	3	2	3	2155
1.312	1	2	3	2401
1.312	1	1	3	2220
1.312	3	2	3	2545
1.313	1	2	3	2401
1.313	1	1	3	2220
1.313	3	2	3	2545
1.314	1	2	3	3203
1.314	1	1	3	1444
1.314	3	2	3	1958
1.314	3	1	3	1958
1.315	1	2	3	2401
1.315	3	1	3	1200
1.316	1	2	3	2401
1.316	3	2	3	1696
1.316	3	1	3	1958
1.317	1	1	3	1696
1.317	3	2	3	1696
1.317	3	1	3	2401
1.318	1	2	3	2220
1.318	3	2	3	1696
1.318	3	1	3	2220
1.319	1	2	3	2401
1.319	3	1	3	1622
1.32	1	2	3	3203
1.32	3	2	3	2545
1.321	1	2	3	2401
1.321	1	1	3	1696
1.321	3	2	3	1696
1.321	3	1	3	1958
1.322	1	2	3	2401
1.322	1	1	3	1958
1.322	3	2	3	1436
1.323	1	2	3	2401
1.323	1	1	3	1958
1.323	3	1	3	1958
1.324	1	2	3	2401
1.324	1	1	3	1958
1.324	3	2	3	1674
1.325	1	2	3	2401
1.325	1	1	3	1958
1.325	3	2	3	1436
1.325	3	1	3	2220
1.326	1	2	3	3203
1.326	1	1	3	1168
1.326	3	2	3	1958
1.327	1	2	3	2401
1.327	3	2	3	1696
1.327	3	1	3	1696
1.328	1	1	3	1696
1.328	3	2	3	1914
1.328	3	1	3	1461
1.329	1	2	3	2589
1.329	1	1	3	1402
1.329	3	2	3	2264
1.329	3	1	3	1032
1.33	1	2	3	3605
1.33	1	1	3	1032
1.33	3	2	3	2545
1.33	3	1	3	1032
1.331	1	2	3	3605
1.331	1	1	3	1032
1.331	3	2	3	2545
1.331	3	1	3	1032
1.332	1	2	3	3605
1.332	1	1	3	1032
1.332	3	2	3	2939
1.332	3	1	3	1032
1.333	1	2	3	3605
1.333	1	1	3	1032
1.333	3	2	3	2545
1.333	3	1	3	1032
1.334	1	2	3	3605
1.334	1	1	3	1032
1.334	3	2	3	2939
1.334	3	1	3	1032
1.335	1	2	3	3329
1.335	1	1	3	1032
1.335	3	2	3	2939
1.336	1	2	3	3605
1.336	1	1	3	1032
1.336	3	2	3	1696
1.336	3	1	3	2064
1.337	1	2	3	3605
1.337	1	1	3	1032
1.337	3	1	3	1032
1.338	1	2	3	3605
1.338	1	1	3	1032
1.338	3	2	3	2545
1.339	1	2	3	3605
1.339	3	1	3	798
1.34	1	2	3	2401
1.34	1	1	3	2064
1.34	3	2	3	2545
1.341	1	2	3	3605
1.341	1	1	3	1032
1.341	3	2	3	1958
1.341	3	1	3	1958
1.342	1	2	3	3605
1.342	1	1	3	1032
1.342	3	2	3	1958
1.342	3	1	3	2401
1.343	1	2	3	3605
1.343	1	1	3	1032
1.343	3	2	3	2939
1.343	3	1	3	1039
1.344	1	2	3	3605
1.344	1	1	3	1032
1.344	3	2	3	3264
1.345	1	2	3	3605
1.345	1	1	3	1032
1.345	3	2	3	1958
1.345	3	1	3	1958
1.346	1	2	3	3605
1.346	3	2	3	2939
1.346	3	1	3	1140
1.347	1	2	3	3605
1.347	3	2	3	1696
1.348	1	1	3	1108
1.348	3	1	3	1108
1.349	1	2	3	3329
1.349	3	1	3	1990
1.35	1	2	3	3605
1.35	3	1	3	1032
1.351	1	2	3	2401
1.351	1	1	3	2220
1.351	3	2	3	2545
1.352	1	2	3	2002
1.352	1	1	3	2220
1.352	3	2	3	1958
1.352	3	1	3	1958
1.353	1	2	3	2401
1.353	1	1	3	2220
1.353	3	2	3	2545
1.354	1	2	3	2589
1.354	1	1	3	1525
1.354	3	2	3	1696
1.354	3	1	3	1958
1.355	1	2	3	3605
1.355	1	1	3	1032
1.355	3	2	3	2939
1.356	1	2	3	2401
1.356	3	2	3	1958
1.356	3	1	3	1958
1.357	1	2	3	2401
1.357	3	2	3	2611
1.357	3	1	3	1354
1.358	1	2	3	2401
1.358	3	2	3	2939
1.358	3	1	3	1032
1.359	1	2	3	2803
1.359	3	2	3	2939
1.359	3	1	3	1032
1.36	1	2	3	3605
1.36	3	2	3	2939
1.36	3	1	3	1032
1.361	1	1	3	1958
1.361	3	1	3	1032
1.362	1	2	3	2220
1.362	1	1	3	1958
1.362	3	2	3	2264
1.363	1	2	3	2401
1.363	1	1	3	2401
1.363	3	2	3	1958
1.363	3	1	3	2064
1.364	1	2	3	2401
1.364	1	1	3	2220
1.364	3	2	3	2939
1.365	1	2	3	2803
1.365	1	1	3	1788
1.365	3	2	3	2939
1.366	1	2	3	3605
1.366	1	1	3	1032
1.366	3	2	3	2939
1.367	1	2	3	3605
1.367	1	1	3	1032
1.367	3	2	3	1958
1.367	3	1	3	2220
1.368	1	2	3	2401
1.368	3	2	3	1958
1.368	3	1	3	1958
1.369	1	2	3	2401
1.369	1	1	3	2064
1.369	3	2	3	1958
1.369	3	1	3	2016
1.37	1	2	3	3605
1.37	1	1	3	1032
1.37	3	2	3	2939
1.37	3	1	3	1032
1.371	1	2	3	3605
1.371	1	1	3	1032
1.371	3	2	3	2939
1.371	3	1	3	1032
1.372	1	1	3	1032
1.372	3	1	3	1032
1.373	1	2	3	3329
1.373	3	1	3	1032
1.374	1	2	3	2401
1.374	1	1	3	2064
1.374	3	2	3	1696
1.375	1	2	3	3605
1.375	3	2	3	1630
1.375	3	1	3	1958
1.376	1	2	3	3605
1.376	3	2	3	2939
1.377	1	2	3	2401
1.377	1	1	3	1958
1.377	3	2	3	1958
1.377	3	1	3	1696
1.378	1	2	3	2401
1.378	1	1	3	2171
1.378	3	2	3	2939
1.379	1	2	3	2401
1.379	3	2	3	1958
1.379	3	1	3	1696
1.38	1	1	3	1696
1.38	3	2	3	1980
1.38	3	1	3	1878
1.381	1	2	3	2803
1.381	1	1	3	1402
1.381	3	2	3	2611
1.381	3	1	3	1032
1.382	1	2	3	3203
1.382	1	1	3	1032
1.382	3	2	3	2939
1.382	3	1	3	1032
1.383	1	2	3	3605
1.383	1	1	3	1032
1.383	3	2	3	2611
1.383	3	1	3	1032
1.384	1	2	3	3203
1.384	1	1	3	1032
1.384	3	1	3	1032
1.385	1	2	3	3605
1.385	1	1	3	1032
1.385	3	2	3	2545
1.385	3	1	3	1032
1.386	1	2	3	3329
1.386	1	1	3	1032
1.386	3	2	3	2611
1.387	1	2	3	3203
1.387	1	1	3	1032
1.387	3	2	3	1958
1.387	3	1	3	1696
1.388	1	2	3	3605
1.388	3	2	3	2611
1.388	3	1	3	1402
1.389	1	2	3	2401
1.389	1	1	3	1958
1.389	3	2	3	2939
1.389	3	1	3	1032
1.39	1	2	3	3605
1.39	1	1	3	1140
1.39	3	2	3	2939
1.39	3	1	3	1032
1.391	1	2	3	3605
1.391	1	1	3	1032
1.391	3	2	3	2939
1.391	3	1	3	1032
1.392	1	2	3	3605
1.392	1	1	3	1032
1.392	3	2	3	2939
1.392	3	1	3	1032
1.393	1	2	3	3605
1.393	1	1	3	1032
1.393	3	2	3	2939
1.393	3	1	3	1032
1.394	1	2	3	3605
1.394	1	1	3	1032
1.394	3	2	3	2939
1.395	1	2	3	3605
1.395	1	1	3	1032
1.395	3	1	3	977
1.396	1	2	3	3605
1.396	1	1	3	1032
1.396	3	2	3	2545
1.397	1	2	3	3605
1.397	1	1	3	1032
1.397	3	2	3	2939
1.398	1	1	3	1032
1.398	3	2	3	1958
1.398	3	1	3	1436
1.399	1	2	3	3329
1.399	1	1	3	1032
1.399	3	2	3	1958
1.399	3	1	3	2401
1.4	1	2	3	3605
1.4	3	2	3	1958
1.4	3	1	3	2220
1.401	1	2	3	2401
1.401	1	1	3	1958
1.401	3	2	3	2611
1.401	3	1	3	1227
1.402	1	2	3	3605
1.402	1	1	3	1140
1.402	3	2	3	2611
1.402	3	1	3	1032
1.403	1	2	3	3605
1.403	3	1	3	1032
1.404	1	2	3	3605
1.404	3	1	3	1032
1.405	1	1	3	977
1.405	3	2	3	1043
1.406	1	2	3	1958
1.406	3	1	3	1130
1.407	1	2	3	3605
1.407	3	1	3	1480
1.408	1	2	3	2401
1.408	1	1	3	1436
1.408	3	1	3	1522
1.409	1	2	3	2401
1.409	1	1	3	1696
1.409	3	2	3	1043
1.41	1	2	3	3605
1.41	3	2	3	1393
1.411	1	2	3	2220
1.411	1	1	3	1436
1.411	3	2	3	1393
1.412	1	2	3	2220
1.412	1	1	3	1174
1.412	3	2	3	833
1.412	3	1	3	1174
1.413	1	2	3	2401
1.413	1	1	3	1436
1.413	3	2	3	1043
1.414	1	2	3	2401
1.414	1	1	3	1436
1.414	3	1	3	1174
1.415	1	2	3	2401
1.415	1	1	3	1696
1.415	3	2	3	833
1.415	3	1	3	2401
1.416	1	1	3	1958
1.416	3	2	3	833
1.416	3	1	3	1436
1.417	1	2	3	1958
1.417	1	1	3	1958
1.417	3	2	3	1043
1.417	3	1	3	2401
1.418	1	2	3	2961
1.418	1	1	3	1324
1.418	3	1	3	1436
1.419	1	2	3	3203
1.419	1	1	3	1032
1.419	3	2	3	973
1.419	3	1	3	1340
1.42	1	2	3	2803
1.42	1	1	3	1032
1.42	3	2	3	833
1.421	1	2	3	2803
1.421	1	1	3	1032
1.421	3	2	3	833
1.421	3	1	3	1436
1.422	1	2	3	3203
1.422	1	1	3	1032
1.422	3	2	3	1043
1.423	1	1	3	1032
1.423	3	2	3	833
1.423	3	1	3	1696
1.424	1	1	3	1032
1.424	3	2	3	1113
1.425	1	2	3	3329
1.425	1	1	3	1032
1.425	3	2	3	833
1.425	3	1	3	1958
1.426	1	2	3	3605
1.426	1	1	3	1032
1.426	3	2	3	833
1.426	3	1	3	1174
1.427	1	2	3	3605
1.427	1	1	3	1032
1.427	3	2	3	833
1.427	3	1	3	1958
1.428	1	2	3	3605
1.428	1	1	3	1032
1.428	3	2	3	1043
1.428	3	1	3	1074
1.429	1	2	3	2939
1.429	1	1	3	1032
1.429	3	2	3	1253
1.429	3	1	3	1032
1.43	1	2	3	2939
1.43	3	2	3	2401
1.431	1	2	3	3605
1.431	3	2	3	833
1.431	3	1	3	1436
1.432	1	2	3	3203
1.432	3	2	3	833
1.433	1	2	3	3605
1.433	3	2	3	833
1.433	3	1	3	1436
1.434	1	2	3	2401
1.434	1	1	3	1958
1.434	3	2	3	1253
1.435	1	1	3	1200
1.435	3	1	3	1436
1.436	1	1	3	1200
1.436	3	2	3	833
1.437	1	2	3	1958
1.437	1	1	3	2401
1.437	3	2	3	1043
1.437	3	1	3	1174
1.438	1	2	3	2401
1.438	1	1	3	2220
1.438	3	2	3	2220
1.439	1	2	3	2401
1.439	3	2	3	1043
1.439	3	1	3	1174
1.44	1	2	3	3605
1.44	3	1	3	2401
1.441	1	2	3	3605
1.441	3	2	3	833
1.441	3	1	3	1436
1.442	1	2	3	2220
1.442	3	2	3	1043
1.442	3	1	3	1958
1.443	1	1	3	1696
1.443	3	1	3	1436
1.444	1	2	3	2401
1.444	3	1	3	1607
1.445	1	2	3	2401
1.445	1	1	3	1958
1.445	3	2	3	833
1.446	1	2	3	2401
1.446	1	1	3	1958
1.446	3	2	3	1043
1.447	1	2	3	2401
1.447	1	1	3	1696
1.447	3	1	3	1174
1.448	1	2	3	2220
1.448	1	1	3	1436
1.448	3	2	3	833
1.449	1	2	3	2220
1.449	1	1	3	1696
1.449	3	2	3	973
1.45	1	2	3	2401
1.45	3	2	3	833
1.45	3	1	3	1436
1.451	1	2	3	2401
1.451	3	1	3	1436
1.452	1	2	3	2401
1.452	1	1	3	1696
1.452	3	2	3	833
1.452	3	1	3	1958
1.453	1	2	3	2401
1.453	1	1	3	1436
1.453	3	2	3	1043
1.453	3	1	3	1696
1.454	1	2	3	2401
1.454	1	1	3	1436
1.454	3	2	3	833
1.454	3	1	3	1436
1.455	1	2	3	2220
1.455	1	1	3	1696
1.455	3	2	3	868
1.456	1	2	3	2401
1.456	1	1	3	1696
1.456	3	2	3	833
1.456	3	1	3	1174
1.457	1	2	3	2803
1.457	1	1	3	1539
1.457	3	2	3	833
1.458	1	2	3	3605
1.458	1	1	3	1032
1.458	3	2	3	1043
1.458	3	1	3	1174
1.459	1	1	3	1032
1.459	3	2	3	1043
1.46	1	1	3	1032
1.46	3	1	3	1371
1.461	1	1	3	1032
1.461	3	2	3	833
1.461	3	1	3	1696
1.462	1	2	3	2220
1.462	3	2	3	1043
1.462	3	1	3	1436
1.463	1	2	3	2803
1.463	3	2	3	1043
1.463	3	1	3	1436
1.464	1	2	3	2803
1.464	3	2	3	1043
1.464	3	1	3	1436
1.465	1	2	3	3203
1.465	3	2	3	2401
1.465	3	1	3	1436
1.466	1	2	3	3203
1.466	3	2	3	1043
1.466	3	1	3	2401
1.467	1	2	3	2545
1.467	3	1	3	1064
1.468	1	2	3	2220
1.468	1	1	3	1436
1.468	3	2	3	833
1.468	3	1	3	1032
1.469	1	2	3	2401
1.469	1	1	3	1436
1.469	3	2	3	1113
1.469	3	1	3	1032
1.47	1	2	3	2401
1.47	1	1	3	1436
1.47	3	1	3	1032
1.471	1	2	3	2401
1.471	1	1	3	1436
1.471	3	2	3	1043
1.472	1	2	3	2401
1.472	1	1	3	1174
1.472	3	2	3	1761
1.473	1	2	3	2401
1.473	3	2	3	1174
1.473	3	1	3	1958
1.474	1	2	3	2220
1.474	3	2	3	1113
1.475	1	2	3	2401
1.475	1	1	3	1174
1.475	3	1	3	1174
1.476	1	2	3	2401
1.476	1	1	3	2401
1.476	3	1	3	1174
1.477	1	2	3	2401
1.477	1	1	3	1696
1.477	3	1	3	1108
1.478	1	1	3	1696
1.478	3	1	3	1174
1.479	1	1	3	1958
1.479	3	2	3	641
1.48	1	1	3	1958
1.48	3	2	3	1253
1.481	1	2	3	1958
1.481	3	2	3	833
1.481	3	1	3	1043
1.482	1	2	3	2401
1.482	1	1	3	1958
1.482	3	2	3	1253
1.483	1	2	3	2401
1.483	1	1	3	1958
1.483	3	2	3	1043
1.483	3	1	3	1174
1.484	1	2	3	2401
1.484	1	1	3	1958
1.484	3	2	3	833
1.484	3	1	3	1696
1.485	1	2	3	2961
1.485	1	1	3	1114
1.485	3	2	3	833
1.485	3	1	3	1436
1.486	1	2	3	3329
1.486	1	1	3	1032
1.486	3	2	3	1043
1.486	3	1	3	1436
1.487	1	2	3	2939
1.487	1	1	3	1032
1.487	3	2	3	833
1.487	3	1	3	1174
1.488	1	2	3	3605
1.488	1	1	3	1032
1.488	3	2	3	833
1.488	3	1	3	1696
1.489	1	2	3	3605
1.489	1	1	3	1032
1.489	3	2	3	833
1.489	3	1	3	1174
1.49	1	2	3	3605
1.49	1	1	3	1032
1.49	3	2	3	833
1.49	3	1	3	1958
1.491	1	2	3	3329
1.491	1	1	3	1032
1.491	3	1	3	1436
1.492	1	2	3	3329
1.492	1	1	3	1032
1.492	3	2	3	833
1.492	3	1	3	1918
1.493	1	2	3	3329
1.493	3	2	3	973
1.493	3	1	3	1032
1.494	1	2	3	3605
1.494	3	2	3	1113
1.494	3	1	3	1032
1.495	1	2	3	3605
1.495	3	2	3	973
1.495	3	1	3	1032
1.496	1	2	3	3605
1.496	3	2	3	1113
1.496	3	1	3	1032
1.497	1	2	3	2401
1.497	1	1	3	2220
1.497	3	2	3	833
1.498	1	2	3	2401
1.498	1	1	3	2401
1.498	3	2	3	973
1.499	1	1	3	1200
1.499	3	2	3	868
1.499	3	1	3	1043
1.5	1	2	3	2220
1.5	1	1	3	2220
1.5	3	2	3	1218
1.501	1	2	3	3203
1.501	1	1	3	1252
1.501	3	2	3	1043
1.501	3	1	3	1043
1.502	1	2	3	2401
1.502	3	2	3	1043
1.502	3	1	3	1958
1.503	1	2	3	2401
1.503	3	1	3	977
1.504	1	2	3	2220
1.504	1	1	3	1043
1.504	3	1	3	1980
1.505	1	2	3	1958
1.505	3	1	3	1196
1.506	1	2	3	2961
1.506	3	1	3	1696
1.507	1	2	3	2401
1.507	1	1	3	1436
1.507	3	1	3	1043
1.508	1	2	3	2401
1.508	1	1	3	1436
1.508	3	1	3	693
1.509	1	2	3	2401
1.509	1	1	3	1436
1.509	3	2	3	132
1.51	1	2	3	2401
1.51	1	1	3	1436
1.51	3	1	3	868
1.511	1	2	3	1958
1.511	1	1	3	1436
1.511	3	2	3	160
1.512	1	2	3	2002
1.512	1	1	3	1436
1.512	3	1	3	1043
1.513	1	1	3	1696
1.513	3	1	3	868
1.514	1	2	3	2220
1.514	3	2	3	160
1.515	1	2	3	2401
1.515	3	1	3	868
1.516	1	2	3	2401
1.516	3	1	3	1043
1.517	1	1	3	1371
1.517	3	1	3	1174
1.518	1	2	3	1696
1.518	3	1	3	2803
1.519	1	2	3	1958
1.519	1	1	3	1436
1.519	3	2	3	160
1.519	3	1	3	1958
1.52	1	2	3	2401
1.52	1	1	3	1436
1.52	3	2	3	90
1.52	3	1	3	641
1.521	1	2	3	2401
1.521	1	1	3	1436
1.521	3	1	3	1696
1.522	1	2	3	2401
1.522	1	1	3	1436
1.522	3	2	3	160
1.522	3	1	3	833
1.523	1	2	3	2220
1.523	1	1	3	1174
1.523	3	2	3	132
1.524	1	2	3	2220
1.524	1	1	3	1436
1.524	3	2	3	160
1.525	1	2	3	1958
1.525	3	1	3	1371
1.526	1	2	3	2401
1.526	3	2	3	90
1.527	1	2	3	2401
1.527	3	2	3	90
1.527	3	1	3	1174
1.528	1	2	3	2401
1.528	3	2	3	90
1.528	3	1	3	1436
1.529	1	2	3	2401
1.529	3	2	3	160
1.529	3	1	3	1958
1.53	1	2	3	2401
1.53	1	1	3	833
1.53	3	2	3	160
1.53	3	1	3	833
1.531	1	2	3	2220
1.531	1	1	3	1043
1.531	3	2	3	160
1.531	3	1	3	1174
1.532	1	2	3	2401
1.532	1	1	3	1043
1.532	3	2	3	90
1.533	1	2	3	2401
1.533	1	1	3	1043
1.533	3	2	3	90
1.533	3	1	3	1043
1.534	1	2	3	2401
1.534	1	1	3	1043
1.534	3	2	3	160
1.535	1	2	3	2401
1.535	1	1	3	833
1.535	3	2	3	74
1.535	3	1	3	833
1.536	1	1	3	1436
1.536	3	2	3	90
1.537	1	2	3	1436
1.537	1	1	3	1696
1.537	3	2	3	90
1.537	3	1	3	641
1.538	1	2	3	2401
1.538	1	1	3	1436
1.538	3	2	3	90
1.539	1	2	3	2401
1.539	1	1	3	1436
1.539	3	2	3	90
1.539	3	1	3	641
1.54	1	2	3	2401
1.54	1	1	3	1436
1.54	3	2	3	160
1.54	3	1	3	1174
1.541	1	2	3	2401
1.541	1	1	3	1958
1.541	3	2	3	90
1.541	3	1	3	833
1.542	1	2	3	2401
1.542	3	2	3	160
1.542	3	1	3	1436
1.543	1	2	3	1696
1.543	1	1	3	1436
1.543	3	2	3	90
1.543	3	1	3	641
1.544	1	2	3	2002
1.544	1	1	3	1696
1.544	3	2	3	90
1.544	3	1	3	1436
1.545	1	2	3	2401
1.545	1	1	3	2220
1.545	3	2	3	90
1.546	1	2	3	2401
1.546	1	1	3	1958
1.546	3	2	3	90
1.546	3	1	3	1043
1.547	1	1	3	1958
1.547	3	2	3	90
1.547	3	1	3	1043
1.548	1	2	3	1958
1.548	1	1	3	2220
1.548	3	2	3	160
1.548	3	1	3	1436
1.549	1	2	3	2286
1.549	1	1	3	1785
1.549	3	2	3	90
1.549	3	1	3	1043
1.55	1	2	3	3605
1.55	1	1	3	1032
1.55	3	2	3	160
1.55	3	1	3	2401
1.551	1	2	3	3203
1.551	1	1	3	1032
1.551	3	2	3	160
1.551	3	1	3	833
1.552	1	2	3	3203
1.552	1	1	3	1032
1.552	3	2	3	90
1.552	3	1	3	1958
1.553	1	2	3	2401
1.553	3	2	3	90
1.553	3	1	3	1174
1.554	1	2	3	2286
1.554	3	2	3	90
1.554	3	1	3	1696
1.555	1	1	3	584
1.555	3	2	3	90
1.556	1	2	3	2611
1.556	3	2	3	90
1.556	3	1	3	1436
1.557	1	2	3	3203
1.557	3	2	3	90
1.558	1	2	3	3605
1.558	3	2	3	90
1.558	3	1	3	1436
1.559	1	2	3	2401
1.559	1	1	3	1436
1.559	3	2	3	160
1.56	1	2	3	2401
1.56	1	1	3	1696
1.56	3	2	3	160
1.56	3	1	3	833
1.561	1	2	3	2220
1.561	1	1	3	1958
1.561	3	2	3	160
1.562	1	1	3	1130
1.562	3	2	3	160
1.562	3	1	3	833
1.563	1	2	3	2220
1.563	1	1	3	1436
1.563	3	2	3	90
1.564	1	2	3	2401
1.564	3	2	3	160
1.564	3	1	3	833
1.565	1	2	3	2401
1.565	3	2	3	160
1.565	3	1	3	1043
1.566	1	2	3	2401
1.566	3	2	3	90
1.566	3	1	3	833
1.567	1	2	3	2961
1.567	3	2	3	160
1.567	3	1	3	1043
1.568	1	2	3	2220
1.568	1	1	3	1174
1.568	3	2	3	90
1.568	3	1	3	1174
1.569	1	2	3	2401
1.569	1	1	3	1174
1.569	3	2	3	90
1.569	3	1	3	1043
1.57	1	2	3	2401
1.57	1	1	3	1174
1.57	3	2	3	160
1.57	3	1	3	833
1.571	1	2	3	2401
1.571	1	1	3	1174
1.571	3	2	3	160
1.571	3	1	3	1436
1.572	1	2	3	2401
1.572	1	1	3	1696
1.572	3	2	3	160
1.572	3	1	3	833
1.573	1	2	3	2401
1.573	1	1	3	2220
1.573	3	2	3	160
1.574	1	1	3	1958
1.574	3	2	3	90
1.574	3	1	3	833
1.575	1	2	3	1958
1.575	3	2	3	90
1.575	3	1	3	1043
1.576	1	2	3	2401
1.576	3	2	3	90
1.577	1	2	3	2401
1.577	3	2	3	90
1.577	3	1	3	1174
1.578	1	2	3	2401
1.578	3	2	3	89
1.578	3	1	3	1043
1.579	1	2	3	2401
1.579	3	2	3	132
1.579	3	1	3	1696
1.58	1	2	3	1958
1.58	1	1	3	1696
1.58	3	2	3	90
1.58	3	1	3	1043
1.581	1	2	3	2220
1.581	1	1	3	1696
1.581	3	2	3	160
1.581	3	1	3	1043
1.582	1	2	3	2401
1.582	1	1	3	1696
1.582	3	2	3	90
1.582	3	1	3	1043
1.583	1	2	3	2401
1.583	1	1	3	1174
1.583	3	2	3	160
1.583	3	1	3	1174
1.584	1	2	3	2401
1.584	1	1	3	1436
1.584	3	2	3	160
1.585	1	2	3	2401
1.585	3	2	3	160
1.585	3	1	3	1174
1.586	1	1	3	1436
1.586	3	2	3	90
1.586	3	1	3	1436
1.587	1	2	3	1958
1.587	3	2	3	90
1.587	3	1	3	1174
1.588	1	2	3	2401
1.588	3	2	3	90
1.588	3	1	3	1958
1.589	1	2	3	2401
1.589	3	2	3	90
1.589	3	1	3	1436
1.59	1	2	3	2401
1.59	3	2	3	160
1.591	1	2	3	2401
1.591	3	2	3	90
1.591	3	1	3	1043
1.592	1	2	3	1630
1.592	1	1	3	1174
1.592	3	2	3	90
1.593	1	2	3	2401
1.593	1	1	3	1436
1.593	3	2	3	160
1.593	3	1	3	833
1.594	1	2	3	2401
1.594	1	1	3	1436
1.594	3	2	3	160
1.595	1	2	3	2401
1.595	1	1	3	1174
1.595	3	2	3	90
1.595	3	1	3	833
1.596	1	2	3	2401
1.596	1	1	3	1174
1.596	3	2	3	90
1.597	1	2	3	2401
1.597	1	1	3	1436
1.597	3	2	3	90
1.597	3	1	3	833
1.598	1	1	3	1696
1.598	3	2	3	833
1.598	3	1	3	1436
1.599	1	2	3	1696
1.599	1	1	3	1436
1.599	3	2	3	90
1.599	3	1	3	1043
1.6	1	2	3	2401
1.6	1	1	3	1436
1.6	3	2	3	90
1.6	3	1	3	1436
1.601	1	2	3	2401
1.601	1	1	3	1436
1.601	3	2	3	90
1.601	3	1	3	641
1.602	1	2	3	2401
1.602	1	1	3	1436
1.602	3	2	3	90
1.603	1	2	3	2401
1.603	3	2	3	90
1.604	1	2	3	2401
1.604	1	1	3	1043
1.604	3	2	3	833
1.605	1	1	3	1436
1.605	3	2	3	833
1.606	1	1	3	1436
1.606	3	2	3	833
1.606	3	1	3	518
1.607	1	2	3	1958
1.607	1	1	3	1696
1.607	3	2	3	833
1.607	3	1	3	518
1.608	1	2	3	2401
1.608	1	1	3	2401
1.608	3	2	3	833
1.608	3	1	3	1435
1.609	1	2	3	2401
1.609	1	1	3	2220
1.609	3	2	3	833
1.609	3	1	3	833
1.61	1	2	3	2401
1.61	1	1	3	1958
1.61	3	2	3	833
1.611	1	2	3	2220
1.611	3	2	3	833
1.611	3	1	3	518
1.612	1	2	3	1958
1.612	3	2	3	833
1.612	3	1	3	1174
1.613	1	2	3	1958
1.613	3	2	3	833
1.613	3	1	3	1436
1.614	1	2	3	2401
1.614	3	2	3	833
1.614	3	1	3	1174
1.615	1	1	3	641
1.615	3	2	3	693
1.615	3	1	3	1174
1.616	1	2	3	2401
1.616	3	2	3	1043
1.616	3	1	3	641
1.617	1	1	3	833
1.617	3	2	3	1043
1.618	1	2	3	1436
1.618	3	2	3	1043
1.618	3	1	3	641
1.619	1	2	3	2220
1.619	1	1	3	833
1.619	3	2	3	1043
1.62	1	2	3	2401
1.62	1	1	3	1043
1.62	3	2	3	1043
1.621	1	2	3	2401
1.621	1	1	3	1696
1.621	3	2	3	833
1.621	3	1	3	1043
1.622	1	2	3	2401
1.622	1	1	3	1174
1.622	3	2	3	1043
1.622	3	1	3	641
1.623	1	2	3	2220
1.623	1	1	3	833
1.623	3	2	3	1043
1.624	1	1	3	533
1.624	3	2	3	1043
1.624	3	1	3	378
1.625	1	2	3	1436
1.625	3	2	3	1043
1.625	3	1	3	833
1.626	1	2	3	2401
1.626	3	2	3	1043
1.627	1	2	3	2401
1.627	3	1	3	641
1.628	1	2	3	2401
1.628	3	2	3	833
1.628	3	1	3	833
1.629	1	2	3	2220
1.629	1	1	3	641
1.629	3	1	3	1043
1.63	1	2	3	1958
1.63	1	1	3	833
1.63	3	2	3	833
1.631	1	1	3	833
1.631	3	1	3	641
1.632	1	2	3	2220
1.632	1	1	3	1174
1.632	3	2	3	833
1.632	3	1	3	1043
1.633	1	2	3	2401
1.633	1	1	3	1696
1.633	3	2	3	833
1.634	1	2	3	2401
1.634	1	1	3	1958
1.634	3	2	3	833
1.635	1	1	3	1436
1.635	3	2	3	833
1.635	3	1	3	378
1.636	1	2	3	1696
1.636	1	1	3	1174
1.636	3	2	3	1043
1.637	1	1	3	1043
1.637	3	2	3	833
1.638	1	2	3	1696
1.638	3	2	3	833
1.638	3	1	3	518
1.639	1	1	3	1174
1.639	3	2	3	1043
1.639	3	1	3	1174
1.64	1	2	3	2401
1.64	3	2	3	1043
1.64	3	1	3	833
1.641	1	2	3	2401
1.641	3	2	3	833
1.641	3	1	3	1043
1.642	1	2	3	1696
1.642	1	1	3	1174
1.642	3	2	3	1043
1.642	3	1	3	641
1.643	1	2	3	1958
1.643	1	1	3	1043
1.643	3	2	3	1043
1.643	3	1	3	1174
1.644	1	2	3	1958
1.644	1	1	3	1174
1.644	3	1	3	1174
1.645	1	2	3	2220
1.645	1	1	3	1958
1.645	3	2	3	833
1.645	3	1	3	833
1.646	1	2	3	2401
1.646	1	1	3	1696
1.646	3	2	3	1043
1.647	1	2	3	2401
1.647	3	1	3	518
1.648	1	2	3	2220
1.648	1	1	3	1043
1.648	3	1	3	1436
1.649	1	2	3	1958
1.649	3	2	3	833
1.649	3	1	3	1436
1.65	1	2	3	1958
1.65	3	2	3	833
1.65	3	1	3	1436
1.651	1	2	3	2220
1.651	3	2	3	833
1.651	3	1	3	1958
1.652	1	2	3	2401
1.652	1	1	3	1043
1.652	3	2	3	1043
1.652	3	1	3	833
1.653	1	2	3	2401
1.653	1	1	3	1174
1.653	3	2	3	833
1.654	1	1	3	1174
1.654	3	2	3	833
1.655	1	2	3	1436
1.655	1	1	3	1174
1.655	3	2	3	833
1.656	1	2	3	2220
1.656	1	1	3	1436
1.656	3	2	3	833
1.657	1	2	3	2401
1.657	1	1	3	1436
1.657	3	2	3	833
1.658	1	2	3	2401
1.658	1	1	3	1696
1.658	3	1	3	641
1.659	1	2	3	2401
1.659	3	2	3	833
1.659	3	1	3	533
1.66	1	2	3	2401
1.66	1	1	3	1043
1.66	3	2	3	833
1.66	3	1	3	1174
1.661	1	1	3	1174
1.661	3	2	3	833
1.661	3	1	3	833
1.662	1	2	3	1436
1.662	3	2	3	833
1.662	3	1	3	1696
1.663	1	2	3	2220
1.663	3	2	3	833
1.663	3	1	3	833
1.664	1	1	3	833
1.664	3	2	3	641
1.664	3	1	3	833
1.665	1	2	3	2401
1.665	3	2	3	833
1.666	1	2	3	2401
1.666	1	1	3	1174
1.666	3	1	3	518
1.667	1	2	3	2401
1.667	1	1	3	1174
1.667	3	2	3	641
1.668	1	1	3	1696
1.668	3	2	3	833
1.668	3	1	3	518
1.669	1	2	3	1958
1.669	1	1	3	1958
1.669	3	2	3	833
1.67	1	2	3	2220
1.67	1	1	3	1436
1.67	3	1	3	641
1.671	1	2	3	2401
1.671	3	2	3	641
1.671	3	1	3	1174
1.672	1	1	3	693
1.672	3	2	3	641
1.672	3	1	3	1043
1.673	1	2	3	2220
1.673	3	1	3	1043
1.674	1	2	3	2220
1.674	3	2	3	641
1.674	3	1	3	1043
1.675	1	2	3	1696
1.675	3	2	3	833
1.675	3	1	3	1043
1.676	1	1	3	256
1.676	3	2	3	641
1.676	3	1	3	1043
1.677	1	2	3	2401
1.677	3	2	3	833
1.677	3	1	3	1958
1.678	1	1	3	378
1.678	3	2	3	641
1.678	3	1	3	2401
1.679	1	1	3	376
1.679	3	2	3	833
1.68	1	2	3	2286
1.68	3	2	3	833
1.68	3	1	3	833
1.681	1	2	3	1958
1.681	1	1	3	1043
1.681	3	2	3	833
1.681	3	1	3	1958
1.682	1	2	3	2220
1.682	1	1	3	1043
1.682	3	2	3	641
1.683	1	2	3	2401
1.683	1	1	3	833
1.683	3	2	3	833
1.684	1	2	3	2401
1.684	1	1	3	641
1.684	3	2	3	641
1.684	3	1	3	1043
1.685	1	2	3	2401
1.685	1	1	3	518
1.685	3	2	3	833
1.685	3	1	3	1174
1.686	1	2	3	1958
1.686	3	2	3	833
1.687	1	1	3	518
1.687	3	1	3	1043
1.688	1	2	3	1958
1.688	3	2	3	833
1.688	3	1	3	518
1.689	1	1	3	518
1.689	3	2	3	833
1.689	3	1	3	1174
1.69	1	2	3	2401
1.69	3	1	3	1043
1.691	1	1	3	833
1.691	3	2	3	641
1.692	1	2	3	1696
1.692	1	1	3	1043
1.692	3	1	3	833
1.693	1	2	3	1958
1.693	1	1	3	1958
1.693	3	2	3	641
1.694	1	2	3	2220
1.694	1	1	3	1958
1.694	3	2	3	833
1.695	1	2	3	2401
1.695	1	1	3	1436
1.695	3	1	3	533
1.696	1	2	3	2401
1.696	1	1	3	1436
1.696	3	2	3	833
1.696	3	1	3	1043
1.697	1	2	3	2401
1.697	1	1	3	1436
1.697	3	2	3	833
1.697	3	1	3	1436
1.698	1	1	3	1174
1.698	3	2	3	641
1.698	3	1	3	833
1.699	1	2	3	1696
1.699	3	2	3	833
1.699	3	1	3	1043
1.7	1	1	3	833
1.7	3	2	3	833
1.7	3	1	3	1043
1.701	1	2	3	2401
1.701	3	1	3	641
1.702	1	2	3	2401
1.702	3	2	3	641
1.703	1	2	3	2401
1.703	3	1	3	833
1.704	1	2	3	2002
1.704	3	2	3	1043
1.705	1	1	3	1174
1.705	3	2	3	1174
1.706	1	1	3	1174
1.706	3	2	3	1043
1.707	1	2	3	1436
1.707	1	1	3	1174
1.707	3	2	3	1174
1.708	1	1	3	1043
1.708	3	2	3	1043
1.709	1	1	3	973
1.709	3	2	3	1174
1.71	1	2	3	2220
1.71	3	2	3	1043
1.711	1	2	3	1696
1.711	3	2	3	1174
1.711	3	1	3	256
1.712	1	1	3	256
1.712	3	2	3	1174
1.713	1	2	3	833
1.713	3	2	3	1174
1.713	3	1	3	256
1.714	1	2	3	1196
1.714	3	2	3	1174
1.714	3	1	3	641
1.715	1	2	3	1958
1.715	3	1	3	378
1.716	1	1	3	1043
1.716	3	2	3	833
1.716	3	1	3	160
1.717	1	2	3	1174
1.717	1	1	3	1174
1.717	3	2	3	1174
1.717	3	1	3	833
1.718	1	2	3	1174
1.718	1	1	3	1043
1.718	3	2	3	1174
1.718	3	1	3	378
1.719	1	2	3	1043
1.719	1	1	3	1043
1.719	3	2	3	1174
1.719	3	1	3	1043
1.72	1	2	3	1436
1.72	1	1	3	833
1.72	3	2	3	1043
1.72	3	1	3	518
1.721	1	2	3	1958
1.721	1	1	3	833
1.721	3	2	3	1174
1.721	3	1	3	833
1.722	1	2	3	2401
1.722	3	1	3	256
1.723	1	2	3	1958
1.723	3	2	3	833
1.724	1	2	3	1696
1.724	3	1	3	256
1.725	1	2	3	1958
1.725	3	1	3	160
1.726	1	2	3	1696
1.726	1	1	3	641
1.726	3	2	3	1043
1.727	1	1	3	833
1.727	3	2	3	1043
1.728	1	2	3	2220
1.728	1	1	3	1174
1.728	3	2	3	1174
1.729	1	1	3	1436
1.729	3	1	3	641
1.73	1	1	3	1436
1.73	3	2	3	1174
1.73	3	1	3	256
1.731	1	1	3	1043
1.731	3	2	3	1174
1.731	3	1	3	518
1.732	1	2	3	1174
1.732	1	1	3	641
1.732	3	2	3	1174
1.732	3	1	3	1043
1.733	1	1	3	833
1.733	3	2	3	1174
1.733	3	1	3	833
1.734	1	2	3	1958
1.734	3	2	3	1174
1.734	3	1	3	518
1.735	1	2	3	2401
1.735	3	1	3	518
1.736	1	2	3	2220
1.736	3	1	3	256
1.737	1	2	3	1436
1.737	3	2	3	1043
1.738	1	2	3	1696
1.738	3	1	3	518
1.739	1	2	3	2401
1.739	3	2	3	868
1.74	1	1	3	518
1.74	3	1	3	641
1.741	1	1	3	1043
1.741	3	2	3	1174
1.742	1	1	3	1043
1.742	3	2	3	1174
1.742	3	1	3	832
1.743	1	1	3	1174
1.743	3	2	3	1043
1.743	3	1	3	378
1.744	1	2	3	1174
1.744	1	1	3	641
1.744	3	2	3	1174
1.745	1	2	3	2401
1.745	1	1	3	833
1.745	3	2	3	833
1.745	3	1	3	378
1.746	1	2	3	2401
1.746	3	2	3	833
1.746	3	1	3	833
1.747	1	2	3	1696
1.747	3	2	3	1174
1.748	1	2	3	2401
1.748	3	1	3	518
1.749	1	1	3	833
1.749	3	2	3	833
1.749	3	1	3	378
1.75	1	1	3	641
1.75	3	2	3	1174
1.751	1	1	3	1043
1.751	3	2	3	833
1.751	3	1	3	256
1.752	1	2	3	2220
1.752	1	1	3	977
1.752	3	1	3	833
1.753	1	1	3	1696
1.753	3	2	3	833
1.753	3	1	3	378
1.754	1	2	3	1696
1.754	1	1	3	1958
1.754	3	2	3	1174
1.755	1	2	3	1958
1.755	1	1	3	2220
1.755	3	2	3	833
1.755	3	1	3	160
1.756	1	2	3	1043
1.756	1	1	3	1696
1.756	3	2	3	1043
1.757	1	2	3	1696
1.757	1	1	3	1436
1.757	3	2	3	833
1.757	3	1	3	160
1.758	1	2	3	2401
1.758	3	2	3	833
1.759	1	2	3	2401
1.759	3	2	3	833
1.759	3	1	3	160
1.76	1	2	3	1696
1.76	3	2	3	1174
1.76	3	1	3	1043
1.761	1	2	3	1958
1.761	3	2	3	833
1.761	3	1	3	256
1.762	1	2	3	1174
1.762	3	2	3	1043
1.762	3	1	3	1043
1.763	1	1	3	641
1.763	3	2	3	833
1.763	3	1	3	256
1.764	1	1	3	833
1.764	3	2	3	833
1.764	3	1	3	518
1.765	1	2	3	2220
1.765	1	1	3	1043
1.765	3	2	3	1043
1.766	1	1	3	1043
1.766	3	2	3	1043
1.766	3	1	3	833
1.767	1	2	3	1174
1.767	1	1	3	1043
1.767	3	2	3	1043
1.768	1	2	3	1174
1.768	1	1	3	833
1.768	3	2	3	1043
1.768	3	1	3	833
1.769	1	2	3	1696
1.769	3	2	3	833
1.769	3	1	3	833
1.77	1	1	3	641
1.77	3	2	3	833
1.77	3	1	3	641
1.771	1	2	3	1696
1.771	3	1	3	378
1.772	1	2	3	2401
1.772	3	2	3	833
1.772	3	1	3	1436
1.773	1	2	3	1696
1.773	3	1	3	256
1.774	1	2	3	1696
1.774	3	2	3	833
1.774	3	1	3	641
1.775	1	1	3	256
1.775	3	2	3	1043
1.775	3	1	3	693
1.776	1	1	3	833
1.776	3	2	3	833
1.776	3	1	3	518
1.777	1	1	3	1043
1.777	3	2	3	1043
1.778	1	2	3	1958
1.778	1	1	3	1043
1.778	3	2	3	1043
1.778	3	1	3	518
1.779	1	1	3	1043
1.779	3	2	3	1043
1.779	3	1	3	1174
1.78	1	2	3	1043
1.78	1	1	3	833
1.78	3	1	3	518
1.781	1	2	3	1174
1.781	1	1	3	1043
1.781	3	2	3	833
1.782	1	2	3	1958
1.782	3	2	3	641
1.783	1	2	3	1696
1.783	3	1	3	378
1.784	1	2	3	1849
1.784	3	2	3	833
1.785	1	2	3	2401
1.785	3	1	3	256
1.786	1	2	3	2401
1.786	3	2	3	833
1.787	1	1	3	518
1.787	3	2	3	1043
1.787	3	1	3	641
1.788	1	2	3	2220
1.788	1	1	3	833
1.788	3	2	3	833
1.788	3	1	3	641
1.789	1	2	3	1958
1.789	1	1	3	1174
1.789	3	2	3	1043
1.789	3	1	3	518
1.79	1	1	3	1174
1.79	3	2	3	1043
1.79	3	1	3	833
1.791	1	1	3	1043
1.791	3	2	3	1043
1.791	3	1	3	518
1.792	1	2	3	2220
1.792	1	1	3	833
1.792	3	1	3	833
1.793	1	1	3	833
1.793	3	2	3	833
1.794	1	2	3	1174
1.794	3	2	3	833
1.795	1	2	3	2220
1.795	3	1	3	378
1.796	1	2	3	2401
1.796	3	1	3	160
1.797	1	2	3	2401
1.797	3	2	3	641
1.798	1	1	3	256
1.798	3	1	3	256
1.799	1	2	3	1174
1.799	3	2	3	1043
1.8	1	2	3	1436
1.8	3	2	3	641
1.8	3	1	3	518
1.801	1	1	3	833
1.801	3	2	3	1043
1.801	3	1	3	641
1.802	1	1	3	1043
1.802	3	2	3	1043
1.803	1	2	3	2401
1.803	1	1	3	1174
1.803	3	2	3	641
1.804	1	2	3	1696
1.804	1	1	3	1043
1.804	3	1	3	63
1.805	1	1	3	1043
1.805	3	2	3	833
1.806	1	2	3	518
1.806	1	1	3	833
1.806	3	2	3	1174
1.807	1	2	3	1174
1.807	3	1	3	90
1.808	1	1	3	256
1.808	3	2	3	1174
1.809	1	2	3	1174
1.809	3	2	3	1043
1.81	1	2	3	2220
1.81	3	2	3	833
1.811	1	2	3	833
1.811	3	2	3	1174
1.812	1	1	3	1436
1.812	3	2	3	1174
1.812	3	1	3	63
1.813	1	1	3	1696
1.813	3	2	3	1174
1.813	3	1	3	160
1.814	1	2	3	641
1.814	1	1	3	1696
1.814	3	1	3	63
1.815	1	1	3	1696
1.815	3	2	3	833
1.815	3	1	3	63
1.816	1	2	3	1958
1.816	1	1	3	1436
1.816	3	1	3	63
1.817	1	2	3	1436
1.817	1	1	3	1436
1.817	3	2	3	833
1.818	1	2	3	1174
1.818	3	1	3	90
1.819	1	2	3	1174
1.819	3	1	3	52
1.82	1	2	3	209
1.82	3	2	3	833
1.821	3	2	3	833
1.822	3	2	3	833
1.823	1	1	3	641
1.823	3	2	3	858
1.823	3	1	3	300
1.824	1	1	3	76
1.824	3	1	3	133
1.826	3	1	3	133
1.827	3	1	3	186
1.828	3	1	3	187
1.829	3	1	3	518
1.83	3	1	3	4806
1.831	3	1	3	2775
