time(s)	cellId	rnti	lcid	packetSize	delay(s)
2.0126	1	5	3	1030	0.0126
2.01296	1	9	3	1030	0.0129571
2.01324	1	1	3	1030	0.0132429
2.01381	1	7	3	1030	0.0138143
2.01424	1	2	3	1030	0.0142429
2.01531	1	3	3	1030	0.0153143
2.01539	1	4	3	1030	0.0153857
2.01567	1	6	3	1030	0.0156714
2.01703	1	8	3	1030	0.0170286
2.02796	1	10	3	1030	0.0279571
2.10739	1	1	3	1030	0.00738571
2.10746	1	2	3	1030	0.00745714
2.10789	1	9	3	1030	0.00788571
2.11274	1	7	3	1030	0.0127429
2.11431	1	3	3	1030	0.0143143
2.11453	1	4	3	1030	0.0145286
2.1146	1	5	3	1030	0.0146
2.11553	1	6	3	1030	0.0155286
2.11703	1	8	3	1030	0.0170286
2.12803	1	10	3	1030	0.0280286
2.20739	1	1	3	1030	0.00738571
2.20746	1	2	3	1030	0.00745714
2.20796	1	9	3	1030	0.00795714
2.21253	1	5	3	1030	0.0125286
2.21274	1	7	3	1030	0.0127429
2.21439	1	3	3	1030	0.0143857
2.2146	1	4	3	1030	0.0146
2.21553	1	6	3	1030	0.0155286
2.21703	1	8	3	1030	0.0170286
2.22803	1	10	3	1030	0.0280286
2.30739	1	1	3	1030	0.00738571
2.30746	1	2	3	1030	0.00745714
2.30796	1	9	3	1030	0.00795714
2.31253	1	5	3	1030	0.0125286
2.31274	1	7	3	1030	0.0127429
2.31439	1	3	3	1030	0.0143857
2.3146	1	4	3	1030	0.0146
2.31553	1	6	3	1030	0.0155286
2.31703	1	8	3	1030	0.0170286
2.33303	1	10	3	1030	0.0330286
2.40789	1	9	3	1030	0.00788571
2.40896	1	1	3	1030	0.00895713
2.40903	1	2	3	1030	0.00902856
2.41253	1	5	3	1030	0.0125286
2.41274	1	7	3	1030	0.0127429
2.41439	1	3	3	1030	0.0143857
2.4146	1	4	3	1030	0.0146
2.41553	1	6	3	1030	0.0155286
2.41703	1	8	3	1030	0.0170286
2.42796	1	10	3	1030	0.0279571
2.50739	1	1	3	1030	0.00738571
2.50746	1	2	3	1030	0.00745714
2.50789	1	9	3	1030	0.00788571
2.51274	1	7	3	1030	0.0127429
2.51431	1	3	3	1030	0.0143143
2.51453	1	4	3	1030	0.0145286
2.5146	1	5	3	1030	0.0146
2.51553	1	6	3	1030	0.0155286
2.51703	1	8	3	1030	0.0170286
2.52803	1	10	3	1030	0.0280286
2.60739	1	1	3	1030	0.00738571
2.60746	1	2	3	1030	0.00745714
2.60796	1	9	3	1030	0.00795714
2.61253	1	5	3	1030	0.0125286
2.61274	1	7	3	1030	0.0127429
2.61439	1	3	3	1030	0.0143857
2.6146	1	4	3	1030	0.0146
2.61553	1	6	3	1030	0.0155286
2.61703	1	8	3	1030	0.0170286
2.62803	1	10	3	1030	0.0280286
2.70739	1	1	3	1030	0.00738571
2.70746	1	2	3	1030	0.00745714
2.70796	1	9	3	1030	0.00795714
2.71253	1	5	3	1030	0.0125286
2.71274	1	7	3	1030	0.0127429
2.71439	1	3	3	1030	0.0143857
2.7146	1	4	3	1030	0.0146
2.71553	1	6	3	1030	0.0155286
2.71703	1	8	3	1030	0.0170286
2.73303	1	10	3	1030	0.0330286
2.80789	1	9	3	1030	0.00788571
2.80896	1	1	3	1030	0.00895713
2.80903	1	2	3	1030	0.00902856
2.81253	1	5	3	1030	0.0125286
2.81274	1	7	3	1030	0.0127429
2.81439	1	3	3	1030	0.0143857
2.8146	1	4	3	1030	0.0146
2.81553	1	6	3	1030	0.0155286
2.81703	1	8	3	1030	0.0170286
2.82796	1	10	3	1030	0.0279571
2.90739	1	1	3	1030	0.00738571
2.90746	1	2	3	1030	0.00745714
2.90789	1	9	3	1030	0.00788571
2.91274	1	7	3	1030	0.0127429
2.91431	1	3	3	1030	0.0143143
2.91453	1	4	3	1030	0.0145286
2.9146	1	5	3	1030	0.0146
2.91553	1	6	3	1030	0.0155286
2.91703	1	8	3	1030	0.0170286
2.92803	1	10	3	1030	0.0280286
3.00739	1	1	3	1030	0.00738571
3.00746	1	2	3	1030	0.00745714
3.00796	1	9	3	1030	0.00795714
3.01253	1	5	3	1030	0.0125286
3.01274	1	7	3	1030	0.0127429
3.01439	1	3	3	1030	0.0143857
3.0146	1	4	3	1030	0.0146
3.01553	1	6	3	1030	0.0155286
3.01703	1	8	3	1030	0.0170286
3.02803	1	10	3	1030	0.0280286
3.10739	1	1	3	1030	0.00738571
3.10746	1	2	3	1030	0.00745714
3.10796	1	9	3	1030	0.00795714
3.11253	1	5	3	1030	0.0125286
3.11274	1	7	3	1030	0.0127429
3.11439	1	3	3	1030	0.0143857
3.1146	1	4	3	1030	0.0146
3.11553	1	6	3	1030	0.0155286
3.11703	1	8	3	1030	0.0170286
3.13303	1	10	3	1030	0.0330286
3.20789	1	9	3	1030	0.00788571
3.20896	1	1	3	1030	0.00895713
3.20903	1	2	3	1030	0.00902856
3.2126	1	5	3	1030	0.0126
3.21267	1	7	3	1030	0.0126714
3.21374	1	4	3	1030	0.0137429
3.21431	1	3	3	1030	0.0143143
3.21603	1	8	3	1030	0.0160286
3.22046	1	6	3	1030	0.0204571
3.22703	1	10	3	1030	0.0270286
3.30739	1	1	3	1030	0.00738571
3.30746	1	2	3	1030	0.00745714
3.30789	1	9	3	1030	0.00788571
3.31274	1	7	3	1030	0.0127429
3.31431	1	3	3	1030	0.0143143
3.31453	1	4	3	1030	0.0145286
3.3146	1	5	3	1030	0.0146
3.31553	1	6	3	1030	0.0155286
3.31703	1	8	3	1030	0.0170286
3.32803	1	10	3	1030	0.0280286
3.40739	1	1	3	1030	0.00738571
3.40746	1	2	3	1030	0.00745714
3.40796	1	9	3	1030	0.00795714
3.41253	1	5	3	1030	0.0125286
3.41274	1	7	3	1030	0.0127429
3.41439	1	3	3	1030	0.0143857
3.4146	1	4	3	1030	0.0146
3.41553	1	6	3	1030	0.0155286
3.41703	1	8	3	1030	0.0170286
3.42803	1	10	3	1030	0.0280286
3.50739	1	1	3	1030	0.00738571
3.50746	1	2	3	1030	0.00745714
3.50796	1	9	3	1030	0.00795714
3.51253	1	5	3	1030	0.0125286
3.51274	1	7	3	1030	0.0127429
3.51439	1	3	3	1030	0.0143857
3.5146	1	4	3	1030	0.0146
3.51553	1	6	3	1030	0.0155286
3.51703	1	8	3	1030	0.0170286
3.53303	1	10	3	1030	0.0330286
3.60789	1	9	3	1030	0.00788571
3.60896	1	1	3	1030	0.00895713
3.60903	1	2	3	1030	0.00902856
3.61253	1	5	3	1030	0.0125286
3.61274	1	7	3	1030	0.0127429
3.61439	1	3	3	1030	0.0143857
3.6146	1	4	3	1030	0.0146
3.61553	1	6	3	1030	0.0155286
3.61703	1	8	3	1030	0.0170286
3.62796	1	10	3	1030	0.0279571
3.70739	1	1	3	1030	0.00738571
3.70746	1	2	3	1030	0.00745714
3.70789	1	9	3	1030	0.00788571
3.71274	1	7	3	1030	0.0127429
3.71431	1	3	3	1030	0.0143143
3.71453	1	4	3	1030	0.0145286
3.7146	1	5	3	1030	0.0146
3.71553	1	6	3	1030	0.0155286
3.71703	1	8	3	1030	0.0170286
3.72803	1	10	3	1030	0.0280286
3.80739	1	1	3	1030	0.00738571
3.80746	1	2	3	1030	0.00745714
3.80796	1	9	3	1030	0.00795714
3.81253	1	5	3	1030	0.0125286
3.81274	1	7	3	1030	0.0127429
3.81439	1	3	3	1030	0.0143857
3.8146	1	4	3	1030	0.0146
3.81553	1	6	3	1030	0.0155286
3.81703	1	8	3	1030	0.0170286
3.82803	1	10	3	1030	0.0280286
3.90739	1	1	3	1030	0.00738571
3.90746	1	2	3	1030	0.00745714
3.90796	1	9	3	1030	0.00795714
3.91253	1	5	3	1030	0.0125286
3.91274	1	7	3	1030	0.0127429
3.91439	1	3	3	1030	0.0143857
3.9146	1	4	3	1030	0.0146
3.91553	1	6	3	1030	0.0155286
3.91703	1	8	3	1030	0.0170286
3.93303	1	10	3	1030	0.0330286
4.00789	1	9	3	1030	0.00788571
4.00896	1	1	3	1030	0.00895713
4.00903	1	2	3	1030	0.00902856
4.01253	1	5	3	1030	0.0125286
4.01274	1	7	3	1030	0.0127429
4.01439	1	3	3	1030	0.0143857
4.0146	1	4	3	1030	0.0146
4.01553	1	6	3	1030	0.0155286
4.01703	1	8	3	1030	0.0170286
4.02796	1	10	3	1030	0.0279571
4.10739	1	1	3	1030	0.00738571
4.10746	1	2	3	1030	0.00745714
4.10789	1	9	3	1030	0.00788571
4.11274	1	7	3	1030	0.0127429
4.11431	1	3	3	1030	0.0143143
4.11453	1	4	3	1030	0.0145286
4.1146	1	5	3	1030	0.0146
4.11553	1	6	3	1030	0.0155286
4.11703	1	8	3	1030	0.0170286
4.12803	1	10	3	1030	0.0280286
4.20739	1	1	3	1030	0.00738571
4.20746	1	2	3	1030	0.00745714
4.20796	1	9	3	1030	0.00795714
4.21253	1	5	3	1030	0.0125286
4.21274	1	7	3	1030	0.0127429
4.21439	1	3	3	1030	0.0143857
4.2146	1	4	3	1030	0.0146
4.21553	1	6	3	1030	0.0155286
4.21703	1	8	3	1030	0.0170286
4.22803	1	10	3	1030	0.0280286
4.30739	1	1	3	1030	0.00738571
4.30746	1	2	3	1030	0.00745714
4.30796	1	9	3	1030	0.00795714
4.31253	1	5	3	1030	0.0125286
4.31274	1	7	3	1030	0.0127429
4.31439	1	3	3	1030	0.0143857
4.3146	1	4	3	1030	0.0146
4.31553	1	6	3	1030	0.0155286
4.31703	1	8	3	1030	0.0170286
4.33303	1	10	3	1030	0.0330286
4.40789	1	9	3	1030	0.00788571
4.40896	1	1	3	1030	0.00895713
4.40903	1	2	3	1030	0.00902856
4.41253	1	5	3	1030	0.0125286
4.41274	1	7	3	1030	0.0127429
4.41439	1	3	3	1030	0.0143857
4.4146	1	4	3	1030	0.0146
4.41553	1	6	3	1030	0.0155286
4.41703	1	8	3	1030	0.0170286
4.42796	1	10	3	1030	0.0279571
4.50739	1	1	3	1030	0.00738571
4.50746	1	2	3	1030	0.00745714
4.50789	1	9	3	1030	0.00788571
4.51274	1	7	3	1030	0.0127429
4.51431	1	3	3	1030	0.0143143
4.51453	1	4	3	1030	0.0145286
4.5146	1	5	3	1030	0.0146
4.51553	1	6	3	1030	0.0155286
4.51703	1	8	3	1030	0.0170286
4.52803	1	10	3	1030	0.0280286
4.60739	1	1	3	1030	0.00738571
4.60746	1	2	3	1030	0.00745714
4.60796	1	9	3	1030	0.00795714
4.61253	1	5	3	1030	0.0125286
4.61274	1	7	3	1030	0.0127429
4.61439	1	3	3	1030	0.0143857
4.6146	1	4	3	1030	0.0146
4.61553	1	6	3	1030	0.0155286
4.61703	1	8	3	1030	0.0170286
4.62803	1	10	3	1030	0.0280286
4.70739	1	1	3	1030	0.00738571
4.70746	1	2	3	1030	0.00745714
4.70796	1	9	3	1030	0.00795714
4.71253	1	5	3	1030	0.0125286
4.71274	1	7	3	1030	0.0127429
4.71439	1	3	3	1030	0.0143857
4.7146	1	4	3	1030	0.0146
4.71553	1	6	3	1030	0.0155286
4.71703	1	8	3	1030	0.0170286
4.73303	1	10	3	1030	0.0330286
4.80789	1	9	3	1030	0.00788571
4.80896	1	1	3	1030	0.00895713
4.80903	1	2	3	1030	0.00902856
4.81253	1	5	3	1030	0.0125286
4.81274	1	7	3	1030	0.0127429
4.81439	1	3	3	1030	0.0143857
4.8146	1	4	3	1030	0.0146
4.81553	1	6	3	1030	0.0155286
4.81703	1	8	3	1030	0.0170286
4.82796	1	10	3	1030	0.0279571
4.90739	1	1	3	1030	0.00738571
4.90746	1	2	3	1030	0.00745714
4.90789	1	9	3	1030	0.00788571
4.91274	1	7	3	1030	0.0127429
4.91431	1	3	3	1030	0.0143143
4.91453	1	4	3	1030	0.0145286
4.9146	1	5	3	1030	0.0146
4.91553	1	6	3	1030	0.0155286
4.91703	1	8	3	1030	0.0170286
4.92803	1	10	3	1030	0.0280286
5.00739	1	1	3	1030	0.00738571
5.00746	1	2	3	1030	0.00745714
5.00796	1	9	3	1030	0.00795714
5.01253	1	5	3	1030	0.0125286
5.01274	1	7	3	1030	0.0127429
5.01439	1	3	3	1030	0.0143857
5.0146	1	4	3	1030	0.0146
5.01553	1	6	3	1030	0.0155286
5.01703	1	8	3	1030	0.0170286
5.02803	1	10	3	1030	0.0280286
5.10739	1	1	3	1030	0.00738571
5.10746	1	2	3	1030	0.00745714
5.10796	1	9	3	1030	0.00795714
5.11253	1	5	3	1030	0.0125286
5.11274	1	7	3	1030	0.0127429
5.11439	1	3	3	1030	0.0143857
5.1146	1	4	3	1030	0.0146
5.11553	1	6	3	1030	0.0155286
5.11703	1	8	3	1030	0.0170286
5.13303	1	10	3	1030	0.0330286
5.20789	1	9	3	1030	0.00788571
5.20896	1	1	3	1030	0.00895713
5.20903	1	2	3	1030	0.00902856
5.21253	1	5	3	1030	0.0125286
5.21274	1	7	3	1030	0.0127429
5.21439	1	3	3	1030	0.0143857
5.2146	1	4	3	1030	0.0146
5.21553	1	6	3	1030	0.0155286
5.21703	1	8	3	1030	0.0170286
5.22796	1	10	3	1030	0.0279571
5.30739	1	1	3	1030	0.00738571
5.30746	1	2	3	1030	0.00745714
5.30789	1	9	3	1030	0.00788571
5.31274	1	7	3	1030	0.0127429
5.31431	1	3	3	1030	0.0143143
5.31453	1	4	3	1030	0.0145286
5.3146	1	5	3	1030	0.0146
5.31553	1	6	3	1030	0.0155286
5.31703	1	8	3	1030	0.0170286
5.32803	1	10	3	1030	0.0280286
5.40739	1	1	3	1030	0.00738571
5.40746	1	2	3	1030	0.00745714
5.40796	1	9	3	1030	0.00795714
5.41253	1	5	3	1030	0.0125286
5.41274	1	7	3	1030	0.0127429
5.41439	1	3	3	1030	0.0143857
5.4146	1	4	3	1030	0.0146
5.41553	1	6	3	1030	0.0155286
5.41703	1	8	3	1030	0.0170286
5.42803	1	10	3	1030	0.0280286
5.50739	1	1	3	1030	0.00738571
5.50746	1	2	3	1030	0.00745714
5.50796	1	9	3	1030	0.00795714
5.51253	1	5	3	1030	0.0125286
5.51274	1	7	3	1030	0.0127429
5.51439	1	3	3	1030	0.0143857
5.5146	1	4	3	1030	0.0146
5.51553	1	6	3	1030	0.0155286
5.51703	1	8	3	1030	0.0170286
5.53303	1	10	3	1030	0.0330286
5.60789	1	9	3	1030	0.00788571
5.60896	1	1	3	1030	0.00895713
5.60903	1	2	3	1030	0.00902856
5.61253	1	5	3	1030	0.0125286
5.61274	1	7	3	1030	0.0127429
5.61439	1	3	3	1030	0.0143857
5.6146	1	4	3	1030	0.0146
5.61553	1	6	3	1030	0.0155286
5.61703	1	8	3	1030	0.0170286
5.62796	1	10	3	1030	0.0279571
5.70739	1	1	3	1030	0.00738571
5.70746	1	2	3	1030	0.00745714
5.70789	1	9	3	1030	0.00788571
5.71274	1	7	3	1030	0.0127429
5.71431	1	3	3	1030	0.0143143
5.71453	1	4	3	1030	0.0145286
5.7146	1	5	3	1030	0.0146
5.71553	1	6	3	1030	0.0155286
5.71703	1	8	3	1030	0.0170286
5.72803	1	10	3	1030	0.0280286
5.80739	1	1	3	1030	0.00738571
5.80746	1	2	3	1030	0.00745714
5.80796	1	9	3	1030	0.00795714
5.81253	1	5	3	1030	0.0125286
5.81274	1	7	3	1030	0.0127429
5.81439	1	3	3	1030	0.0143857
5.8146	1	4	3	1030	0.0146
5.81553	1	6	3	1030	0.0155286
5.81703	1	8	3	1030	0.0170286
5.82803	1	10	3	1030	0.0280286
5.90739	1	1	3	1030	0.00738571
5.90746	1	2	3	1030	0.00745714
5.90796	1	9	3	1030	0.00795714
5.91253	1	5	3	1030	0.0125286
5.91274	1	7	3	1030	0.0127429
5.91439	1	3	3	1030	0.0143857
5.9146	1	4	3	1030	0.0146
5.91553	1	6	3	1030	0.0155286
5.91703	1	8	3	1030	0.0170286
5.93303	1	10	3	1030	0.0330286
6.00789	1	9	3	1030	0.00788571
6.00896	1	1	3	1030	0.00895713
6.00903	1	2	3	1030	0.00902856
6.01253	1	5	3	1030	0.0125286
6.01274	1	7	3	1030	0.0127429
6.01439	1	3	3	1030	0.0143857
6.0146	1	4	3	1030	0.0146
6.01553	1	6	3	1030	0.0155286
6.01703	1	8	3	1030	0.0170286
6.02796	1	10	3	1030	0.0279571
6.10739	1	1	3	1030	0.00738571
6.10746	1	2	3	1030	0.00745714
6.10789	1	9	3	1030	0.00788571
6.11274	1	7	3	1030	0.0127429
6.11431	1	3	3	1030	0.0143143
6.11453	1	4	3	1030	0.0145286
6.1146	1	5	3	1030	0.0146
6.11553	1	6	3	1030	0.0155286
6.11703	1	8	3	1030	0.0170286
6.12803	1	10	3	1030	0.0280286
6.20739	1	1	3	1030	0.00738571
6.20746	1	2	3	1030	0.00745714
6.20796	1	9	3	1030	0.00795714
6.21253	1	5	3	1030	0.0125286
6.21274	1	7	3	1030	0.0127429
6.21439	1	3	3	1030	0.0143857
6.2146	1	4	3	1030	0.0146
6.21553	1	6	3	1030	0.0155286
6.21703	1	8	3	1030	0.0170286
6.22803	1	10	3	1030	0.0280286
6.30739	1	1	3	1030	0.00738571
6.30746	1	2	3	1030	0.00745714
6.30796	1	9	3	1030	0.00795714
6.31253	1	5	3	1030	0.0125286
6.31274	1	7	3	1030	0.0127429
6.31439	1	3	3	1030	0.0143857
6.3146	1	4	3	1030	0.0146
6.31553	1	6	3	1030	0.0155286
6.31703	1	8	3	1030	0.0170286
6.33303	1	10	3	1030	0.0330286
6.40789	1	9	3	1030	0.00788571
6.40903	1	2	3	1030	0.00902856
6.41253	1	5	3	1030	0.0125286
6.41274	1	7	3	1030	0.0127429
6.41403	1	1	3	1030	0.0140286
6.41439	1	3	3	1030	0.0143857
6.4146	1	4	3	1030	0.0146
6.4156	1	6	3	1030	0.0156
6.41703	1	8	3	1030	0.0170286
6.42796	1	10	3	1030	0.0279571
6.50739	1	1	3	1030	0.00738571
6.50746	1	2	3	1030	0.00745714
6.50789	1	9	3	1030	0.00788571
6.51274	1	7	3	1030	0.0127429
6.51431	1	3	3	1030	0.0143143
6.51453	1	4	3	1030	0.0145286
6.5146	1	5	3	1030	0.0146
6.51553	1	6	3	1030	0.0155286
6.51703	1	8	3	1030	0.0170286
6.52803	1	10	3	1030	0.0280286
6.60739	1	1	3	1030	0.00738571
6.60746	1	2	3	1030	0.00745714
6.60796	1	9	3	1030	0.00795714
6.61253	1	5	3	1030	0.0125286
6.61274	1	7	3	1030	0.0127429
6.61439	1	3	3	1030	0.0143857
6.61553	1	6	3	1030	0.0155286
6.61703	1	8	3	1030	0.0170286
6.61803	1	4	3	1030	0.0180286
6.62803	1	10	3	1030	0.0280286
6.70739	1	1	3	1030	0.00738571
6.70746	1	2	3	1030	0.00745714
6.70796	1	9	3	1030	0.00795714
6.71253	1	5	3	1030	0.0125286
6.71274	1	7	3	1030	0.0127429
6.71439	1	3	3	1030	0.0143857
6.7146	1	4	3	1030	0.0146
6.71553	1	6	3	1030	0.0155286
6.71703	1	8	3	1030	0.0170286
6.73303	1	10	3	1030	0.0330286
6.80789	1	9	3	1030	0.00788571
6.80896	1	1	3	1030	0.00895713
6.80903	1	2	3	1030	0.00902856
6.81253	1	5	3	1030	0.0125286
6.81274	1	7	3	1030	0.0127429
6.81439	1	3	3	1030	0.0143857
6.8146	1	4	3	1030	0.0146
6.81553	1	6	3	1030	0.0155286
6.81703	1	8	3	1030	0.0170286
6.82796	1	10	3	1030	0.0279571
6.90739	1	1	3	1030	0.00738571
6.90746	1	2	3	1030	0.00745714
6.90789	1	9	3	1030	0.00788571
6.91274	1	7	3	1030	0.0127429
6.91431	1	3	3	1030	0.0143143
6.91453	1	4	3	1030	0.0145286
6.9146	1	5	3	1030	0.0146
6.91553	1	6	3	1030	0.0155286
6.91703	1	8	3	1030	0.0170286
6.92803	1	10	3	1030	0.0280286
7.00739	1	1	3	1030	0.00738571
7.00746	1	2	3	1030	0.00745714
7.00796	1	9	3	1030	0.00795714
7.01253	1	5	3	1030	0.0125286
7.01274	1	7	3	1030	0.0127429
7.01439	1	3	3	1030	0.0143857
7.0146	1	4	3	1030	0.0146
7.01553	1	6	3	1030	0.0155286
7.01703	1	8	3	1030	0.0170286
7.02803	1	10	3	1030	0.0280286
7.10739	1	1	3	1030	0.00738571
7.10746	1	2	3	1030	0.00745714
7.10796	1	9	3	1030	0.00795714
7.11253	1	5	3	1030	0.0125286
7.1126	1	7	3	1030	0.0126
7.11431	1	3	3	1030	0.0143143
7.11446	1	4	3	1030	0.0144571
7.11603	1	8	3	1030	0.0160286
7.12039	1	6	3	1030	0.0203857
7.12703	1	10	3	1030	0.0270286
7.20789	1	9	3	1030	0.00788571
7.20896	1	1	3	1030	0.00895713
7.20903	1	2	3	1030	0.00902856
7.21253	1	5	3	1030	0.0125286
7.21274	1	7	3	1030	0.0127429
7.21439	1	3	3	1030	0.0143857
7.2146	1	4	3	1030	0.0146
7.21703	1	8	3	1030	0.0170286
7.21803	1	6	3	1030	0.0180286
7.22796	1	10	3	1030	0.0279571
7.30739	1	1	3	1030	0.00738571
7.30746	1	2	3	1030	0.00745714
7.30789	1	9	3	1030	0.00788571
7.31274	1	7	3	1030	0.0127429
7.31431	1	3	3	1030	0.0143143
7.31453	1	4	3	1030	0.0145286
7.3146	1	5	3	1030	0.0146
7.31553	1	6	3	1030	0.0155286
7.31703	1	8	3	1030	0.0170286
7.32803	1	10	3	1030	0.0280286
7.40739	1	1	3	1030	0.00738571
7.40746	1	2	3	1030	0.00745714
7.40796	1	9	3	1030	0.00795714
7.41253	1	5	3	1030	0.0125286
7.41274	1	7	3	1030	0.0127429
7.41439	1	3	3	1030	0.0143857
7.4146	1	4	3	1030	0.0146
7.41553	1	6	3	1030	0.0155286
7.41703	1	8	3	1030	0.0170286
7.42803	1	10	3	1030	0.0280286
7.50739	1	1	3	1030	0.00738571
7.50746	1	2	3	1030	0.00745714
7.50796	1	9	3	1030	0.00795714
7.51253	1	5	3	1030	0.0125286
7.51274	1	7	3	1030	0.0127429
7.51439	1	3	3	1030	0.0143857
7.5146	1	4	3	1030	0.0146
7.51703	1	8	3	1030	0.0170286
7.52003	1	6	3	1030	0.0200286
7.52703	1	10	3	1030	0.0270286
7.60789	1	9	3	1030	0.00788571
7.60896	1	1	3	1030	0.00895713
7.60903	1	2	3	1030	0.00902856
7.61253	1	5	3	1030	0.0125286
7.61274	1	7	3	1030	0.0127429
7.61439	1	3	3	1030	0.0143857
7.6146	1	4	3	1030	0.0146
7.61553	1	6	3	1030	0.0155286
7.61703	1	8	3	1030	0.0170286
7.62796	1	10	3	1030	0.0279571
7.70739	1	1	3	1030	0.00738571
7.70746	1	2	3	1030	0.00745714
7.70789	1	9	3	1030	0.00788571
7.71274	1	7	3	1030	0.0127429
7.71431	1	3	3	1030	0.0143143
7.71453	1	4	3	1030	0.0145286
7.7146	1	5	3	1030	0.0146
7.71553	1	6	3	1030	0.0155286
7.71703	1	8	3	1030	0.0170286
7.72803	1	10	3	1030	0.0280286
7.80739	1	1	3	1030	0.00738571
7.80746	1	2	3	1030	0.00745714
7.80796	1	9	3	1030	0.00795714
7.81253	1	5	3	1030	0.0125286
7.81274	1	7	3	1030	0.0127429
7.81439	1	3	3	1030	0.0143857
7.8146	1	4	3	1030	0.0146
7.81553	1	6	3	1030	0.0155286
7.81703	1	8	3	1030	0.0170286
7.82803	1	10	3	1030	0.0280286
7.90739	1	1	3	1030	0.00738571
7.90746	1	2	3	1030	0.00745714
7.90796	1	9	3	1030	0.00795714
7.91253	1	5	3	1030	0.0125286
7.91274	1	7	3	1030	0.0127429
7.91439	1	3	3	1030	0.0143857
7.9146	1	4	3	1030	0.0146
7.91553	1	6	3	1030	0.0155286
7.91703	1	8	3	1030	0.0170286
7.93303	1	10	3	1030	0.0330286
8.00789	1	9	3	1030	0.00788571
8.00896	1	1	3	1030	0.00895713
8.00903	1	2	3	1030	0.00902856
8.01253	1	5	3	1030	0.0125286
8.01274	1	7	3	1030	0.0127429
8.01439	1	3	3	1030	0.0143857
8.0146	1	4	3	1030	0.0146
8.01553	1	6	3	1030	0.0155286
8.01703	1	8	3	1030	0.0170286
8.02796	1	10	3	1030	0.0279571
8.10739	1	1	3	1030	0.00738571
8.10746	1	2	3	1030	0.00745714
8.10789	1	9	3	1030	0.00788571
8.11267	1	7	3	1030	0.0126714
8.11346	1	3	3	1030	0.0134571
8.11374	1	4	3	1030	0.0137429
8.11439	1	5	3	1030	0.0143857
8.11603	1	8	3	1030	0.0160286
8.12046	1	6	3	1030	0.0204571
8.12703	1	10	3	1030	0.0270286
8.20739	1	1	3	1030	0.00738571
8.20746	1	2	3	1030	0.00745714
8.20796	1	9	3	1030	0.00795714
8.2126	1	5	3	1030	0.0126
8.21289	1	7	3	1030	0.0128857
8.21374	1	4	3	1030	0.0137429
8.2146	1	3	3	1030	0.0146
8.21503	1	6	3	1030	0.0150286
8.22281	1	8	3	1030	0.0228143
8.22703	1	10	3	1030	0.0270286
8.30739	1	1	3	1030	0.00738571
8.30746	1	2	3	1030	0.00745714
8.30796	1	9	3	1030	0.00795714
8.31253	1	5	3	1030	0.0125286
8.31274	1	7	3	1030	0.0127429
8.31439	1	3	3	1030	0.0143857
8.3146	1	4	3	1030	0.0146
8.31553	1	6	3	1030	0.0155286
8.31703	1	8	3	1030	0.0170286
8.33303	1	10	3	1030	0.0330286
8.40789	1	9	3	1030	0.00788571
8.40896	1	1	3	1030	0.00895713
8.40903	1	2	3	1030	0.00902856
8.41253	1	5	3	1030	0.0125286
8.41274	1	7	3	1030	0.0127429
8.41439	1	3	3	1030	0.0143857
8.4146	1	4	3	1030	0.0146
8.41553	1	6	3	1030	0.0155286
8.41703	1	8	3	1030	0.0170286
8.42796	1	10	3	1030	0.0279571
8.50739	1	1	3	1030	0.00738571
8.50746	1	2	3	1030	0.00745714
8.50789	1	9	3	1030	0.00788571
8.51274	1	7	3	1030	0.0127429
8.51431	1	3	3	1030	0.0143143
8.51453	1	4	3	1030	0.0145286
8.5146	1	5	3	1030	0.0146
8.51553	1	6	3	1030	0.0155286
8.51703	1	8	3	1030	0.0170286
8.52803	1	10	3	1030	0.0280286
8.60739	1	1	3	1030	0.00738571
8.60746	1	2	3	1030	0.00745714
8.60796	1	9	3	1030	0.00795714
8.61253	1	5	3	1030	0.0125286
8.61274	1	7	3	1030	0.0127429
8.61439	1	3	3	1030	0.0143857
8.6146	1	4	3	1030	0.0146
8.61553	1	6	3	1030	0.0155286
8.61703	1	8	3	1030	0.0170286
8.62803	1	10	3	1030	0.0280286
8.70739	1	1	3	1030	0.00738571
8.70746	1	2	3	1030	0.00745714
8.70796	1	9	3	1030	0.00795714
8.71253	1	5	3	1030	0.0125286
8.71274	1	7	3	1030	0.0127429
8.71439	1	3	3	1030	0.0143857
8.7146	1	4	3	1030	0.0146
8.71553	1	6	3	1030	0.0155286
8.71703	1	8	3	1030	0.0170286
8.73303	1	10	3	1030	0.0330286
8.80789	1	9	3	1030	0.00788571
8.80896	1	1	3	1030	0.00895713
8.80903	1	2	3	1030	0.00902856
8.81253	1	5	3	1030	0.0125286
8.81274	1	7	3	1030	0.0127429
8.81439	1	3	3	1030	0.0143857
8.8146	1	4	3	1030	0.0146
8.81553	1	6	3	1030	0.0155286
8.81703	1	8	3	1030	0.0170286
8.82796	1	10	3	1030	0.0279571
8.90739	1	1	3	1030	0.00738571
8.90746	1	2	3	1030	0.00745714
8.90789	1	9	3	1030	0.00788571
8.91274	1	7	3	1030	0.0127429
8.91431	1	3	3	1030	0.0143143
8.91453	1	4	3	1030	0.0145286
8.9146	1	5	3	1030	0.0146
8.91553	1	6	3	1030	0.0155286
8.91703	1	8	3	1030	0.0170286
8.92803	1	10	3	1030	0.0280286
9.00739	1	1	3	1030	0.00738571
9.00746	1	2	3	1030	0.00745714
9.00796	1	9	3	1030	0.00795714
9.01253	1	5	3	1030	0.0125286
9.01274	1	7	3	1030	0.0127429
9.01439	1	3	3	1030	0.0143857
9.0146	1	4	3	1030	0.0146
9.01553	1	6	3	1030	0.0155286
9.01703	1	8	3	1030	0.0170286
9.02803	1	10	3	1030	0.0280286
9.10739	1	1	3	1030	0.00738571
9.10746	1	2	3	1030	0.00745714
9.10796	1	9	3	1030	0.00795714
9.11253	1	5	3	1030	0.0125286
9.1126	1	7	3	1030	0.0126
9.11431	1	3	3	1030	0.0143143
9.11446	1	4	3	1030	0.0144571
9.11603	1	8	3	1030	0.0160286
9.12039	1	6	3	1030	0.0203857
9.12703	1	10	3	1030	0.0270286
9.20789	1	9	3	1030	0.00788571
9.20896	1	1	3	1030	0.00895713
9.20903	1	2	3	1030	0.00902856
9.21253	1	5	3	1030	0.0125286
9.21274	1	7	3	1030	0.0127429
9.21439	1	3	3	1030	0.0143857
9.2146	1	4	3	1030	0.0146
9.21553	1	6	3	1030	0.0155286
9.21703	1	8	3	1030	0.0170286
9.22796	1	10	3	1030	0.0279571
9.30739	1	1	3	1030	0.00738571
9.30746	1	2	3	1030	0.00745714
9.30789	1	9	3	1030	0.00788571
9.31274	1	7	3	1030	0.0127429
9.31431	1	3	3	1030	0.0143143
9.31453	1	4	3	1030	0.0145286
9.3146	1	5	3	1030	0.0146
9.31553	1	6	3	1030	0.0155286
9.31703	1	8	3	1030	0.0170286
9.32803	1	10	3	1030	0.0280286
9.40739	1	1	3	1030	0.00738571
9.40746	1	2	3	1030	0.00745714
9.40796	1	9	3	1030	0.00795714
9.41253	1	5	3	1030	0.0125286
9.41274	1	7	3	1030	0.0127429
9.41439	1	3	3	1030	0.0143857
9.4146	1	4	3	1030	0.0146
9.41553	1	6	3	1030	0.0155286
9.41703	1	8	3	1030	0.0170286
9.42803	1	10	3	1030	0.0280286
9.50739	1	1	3	1030	0.00738571
9.50746	1	2	3	1030	0.00745714
9.50796	1	9	3	1030	0.00795714
9.51253	1	5	3	1030	0.0125286
9.51274	1	7	3	1030	0.0127429
9.51439	1	3	3	1030	0.0143857
9.5146	1	4	3	1030	0.0146
9.51553	1	6	3	1030	0.0155286
9.51703	1	8	3	1030	0.0170286
9.53303	1	10	3	1030	0.0330286
9.60789	1	9	3	1030	0.00788571
9.60896	1	1	3	1030	0.00895713
9.60903	1	2	3	1030	0.00902856
9.61253	1	5	3	1030	0.0125286
9.61274	1	7	3	1030	0.0127429
9.61439	1	3	3	1030	0.0143857
9.6146	1	4	3	1030	0.0146
9.61553	1	6	3	1030	0.0155286
9.61703	1	8	3	1030	0.0170286
9.62796	1	10	3	1030	0.0279571
9.70739	1	1	3	1030	0.00738571
9.70746	1	2	3	1030	0.00745714
9.70789	1	9	3	1030	0.00788571
9.71274	1	7	3	1030	0.0127429
9.71431	1	3	3	1030	0.0143143
9.71453	1	4	3	1030	0.0145286
9.7146	1	5	3	1030	0.0146
9.71553	1	6	3	1030	0.0155286
9.71703	1	8	3	1030	0.0170286
9.72803	1	10	3	1030	0.0280286
9.80739	1	1	3	1030	0.00738571
9.80746	1	2	3	1030	0.00745714
9.80796	1	9	3	1030	0.00795714
9.81253	1	5	3	1030	0.0125286
9.81281	1	7	3	1030	0.0128143
9.81531	1	3	3	1030	0.0153143
9.81546	1	4	3	1030	0.0154571
9.81646	1	6	3	1030	0.0164571
9.82081	1	8	3	1030	0.0208143
9.82903	1	10	3	1030	0.0290286
9.90739	1	1	3	1030	0.00738571
9.90746	1	2	3	1030	0.00745714
9.90796	1	9	3	1030	0.00795714
9.91253	1	5	3	1030	0.0125286
9.91274	1	7	3	1030	0.0127429
9.91439	1	3	3	1030	0.0143857
9.9146	1	4	3	1030	0.0146
9.91553	1	6	3	1030	0.0155286
9.91703	1	8	3	1030	0.0170286
9.93303	1	10	3	1030	0.0330286
10.0079	1	9	3	1030	0.00788571
10.009	1	1	3	1030	0.00895713
10.009	1	2	3	1030	0.00902856
10.0125	1	5	3	1030	0.0125286
10.0127	1	7	3	1030	0.0127429
10.0144	1	3	3	1030	0.0143857
10.0146	1	4	3	1030	0.0146
10.0155	1	6	3	1030	0.0155286
10.017	1	8	3	1030	0.0170286
10.028	1	10	3	1030	0.0279571
10.1074	1	1	3	1030	0.00738571
10.1075	1	2	3	1030	0.00745714
10.1079	1	9	3	1030	0.00788571
10.1127	1	7	3	1030	0.0126714
10.1135	1	3	3	1030	0.0134571
10.1137	1	4	3	1030	0.0137429
10.1144	1	5	3	1030	0.0143857
10.116	1	8	3	1030	0.0160286
10.1205	1	6	3	1030	0.0204571
10.127	1	10	3	1030	0.0270286
10.2074	1	1	3	1030	0.00738571
10.2075	1	2	3	1030	0.00745714
10.208	1	9	3	1030	0.00795714
10.2125	1	5	3	1030	0.0125286
10.2127	1	7	3	1030	0.0127429
10.2144	1	3	3	1030	0.0143857
10.2146	1	4	3	1030	0.0146
10.2155	1	6	3	1030	0.0155286
10.217	1	8	3	1030	0.0170286
10.228	1	10	3	1030	0.0280286
10.3074	1	1	3	1030	0.00738571
10.3075	1	2	3	1030	0.00745714
10.308	1	9	3	1030	0.00795714
10.3125	1	5	3	1030	0.0125286
10.3127	1	7	3	1030	0.0127429
10.3144	1	3	3	1030	0.0143857
10.3146	1	4	3	1030	0.0146
10.3155	1	6	3	1030	0.0155286
10.317	1	8	3	1030	0.0170286
10.333	1	10	3	1030	0.0330286
10.4079	1	9	3	1030	0.00788571
10.409	1	1	3	1030	0.00895713
10.409	1	2	3	1030	0.00902856
10.4125	1	5	3	1030	0.0125286
10.4127	1	7	3	1030	0.0127429
10.4144	1	3	3	1030	0.0143857
10.4146	1	4	3	1030	0.0146
10.4155	1	6	3	1030	0.0155286
10.417	1	8	3	1030	0.0170286
10.428	1	10	3	1030	0.0279571
10.5074	1	1	3	1030	0.00738571
10.5075	1	2	3	1030	0.00745714
10.5079	1	9	3	1030	0.00788571
10.5127	1	7	3	1030	0.0127429
10.5143	1	3	3	1030	0.0143143
10.5145	1	4	3	1030	0.0145286
10.5146	1	5	3	1030	0.0146
10.5155	1	6	3	1030	0.0155286
10.517	1	8	3	1030	0.0170286
10.528	1	10	3	1030	0.0280286
10.6074	1	1	3	1030	0.00738571
10.6075	1	2	3	1030	0.00745714
10.608	1	9	3	1030	0.00795714
10.6125	1	5	3	1030	0.0125286
10.6127	1	7	3	1030	0.0127429
10.6144	1	3	3	1030	0.0143857
10.6146	1	4	3	1030	0.0146
10.6155	1	6	3	1030	0.0155286
10.617	1	8	3	1030	0.0170286
10.628	1	10	3	1030	0.0280286
10.7074	1	1	3	1030	0.00738571
10.7075	1	2	3	1030	0.00745714
10.708	1	9	3	1030	0.00795714
10.7125	1	5	3	1030	0.0125286
10.7127	1	7	3	1030	0.0127429
10.7144	1	3	3	1030	0.0143857
10.7146	1	4	3	1030	0.0146
10.7155	1	6	3	1030	0.0155286
10.717	1	8	3	1030	0.0170286
10.733	1	10	3	1030	0.0330286
10.8079	1	9	3	1030	0.00788571
10.809	1	1	3	1030	0.00895713
10.809	1	2	3	1030	0.00902856
10.8126	1	5	3	1030	0.0126
10.8127	1	7	3	1030	0.0126714
10.8137	1	4	3	1030	0.0137429
10.8143	1	3	3	1030	0.0143143
10.816	1	8	3	1030	0.0160286
10.8205	1	6	3	1030	0.0204571
10.827	1	10	3	1030	0.0270286
10.9074	1	1	3	1030	0.00738571
10.9075	1	2	3	1030	0.00745714
10.9079	1	9	3	1030	0.00788571
10.9127	1	7	3	1030	0.0127429
10.9143	1	3	3	1030	0.0143143
10.9145	1	4	3	1030	0.0145286
10.9146	1	5	3	1030	0.0146
10.9155	1	6	3	1030	0.0155286
10.917	1	8	3	1030	0.0170286
10.928	1	10	3	1030	0.0280286
11.0074	1	1	3	1030	0.00738571
11.0075	1	2	3	1030	0.00745714
11.008	1	9	3	1030	0.00795714
11.0125	1	5	3	1030	0.0125286
11.0127	1	7	3	1030	0.0127429
11.0144	1	3	3	1030	0.0143857
11.0146	1	4	3	1030	0.0146
11.0155	1	6	3	1030	0.0155286
11.017	1	8	3	1030	0.0170286
11.028	1	10	3	1030	0.0280286
11.1074	1	1	3	1030	0.00738571
11.1075	1	2	3	1030	0.00745714
11.108	1	9	3	1030	0.00795714
11.1125	1	5	3	1030	0.0125286
11.1127	1	7	3	1030	0.0127429
11.1144	1	3	3	1030	0.0143857
11.1146	1	4	3	1030	0.0146
11.1155	1	6	3	1030	0.0155286
11.117	1	8	3	1030	0.0170286
11.133	1	10	3	1030	0.0330286
11.2079	1	9	3	1030	0.00788571
11.209	1	1	3	1030	0.00895713
11.209	1	2	3	1030	0.00902856
11.2125	1	5	3	1030	0.0125286
11.2127	1	7	3	1030	0.0127429
11.2144	1	3	3	1030	0.0143857
11.2146	1	4	3	1030	0.0146
11.2155	1	6	3	1030	0.0155286
11.217	1	8	3	1030	0.0170286
11.228	1	10	3	1030	0.0279571
11.3074	1	1	3	1030	0.00738571
11.3075	1	2	3	1030	0.00745714
11.3079	1	9	3	1030	0.00788571
11.3127	1	7	3	1030	0.0127429
11.3143	1	3	3	1030	0.0143143
11.3145	1	4	3	1030	0.0145286
11.3146	1	5	3	1030	0.0146
11.3155	1	6	3	1030	0.0155286
11.317	1	8	3	1030	0.0170286
11.328	1	10	3	1030	0.0280286
11.4074	1	1	3	1030	0.00738571
11.4075	1	2	3	1030	0.00745714
11.408	1	9	3	1030	0.00795714
11.4125	1	5	3	1030	0.0125286
11.4127	1	7	3	1030	0.0127429
11.4144	1	3	3	1030	0.0143857
11.4146	1	4	3	1030	0.0146
11.4155	1	6	3	1030	0.0155286
11.417	1	8	3	1030	0.0170286
11.428	1	10	3	1030	0.0280286
11.5074	1	1	3	1030	0.00738571
11.5075	1	2	3	1030	0.00745714
11.508	1	9	3	1030	0.00795714
11.5125	1	5	3	1030	0.0125286
11.5127	1	7	3	1030	0.0127429
11.5144	1	3	3	1030	0.0143857
11.5146	1	4	3	1030	0.0146
11.5155	1	6	3	1030	0.0155286
11.517	1	8	3	1030	0.0170286
11.533	1	10	3	1030	0.0330286
11.6079	1	9	3	1030	0.00788571
11.609	1	1	3	1030	0.00895713
11.609	1	2	3	1030	0.00902856
11.6125	1	5	3	1030	0.0125286
11.6127	1	7	3	1030	0.0127429
11.6144	1	3	3	1030	0.0143857
11.6146	1	4	3	1030	0.0146
11.6155	1	6	3	1030	0.0155286
11.617	1	8	3	1030	0.0170286
11.628	1	10	3	1030	0.0279571
11.7074	1	1	3	1030	0.00738571
11.7075	1	2	3	1030	0.00745714
11.7079	1	9	3	1030	0.00788571
11.7127	1	7	3	1030	0.0127429
11.7143	1	3	3	1030	0.0143143
11.7145	1	4	3	1030	0.0145286
11.7146	1	5	3	1030	0.0146
11.7155	1	6	3	1030	0.0155286
11.717	1	8	3	1030	0.0170286
11.728	1	10	3	1030	0.0280286
11.8074	1	1	3	1030	0.00738571
11.8075	1	2	3	1030	0.00745714
11.808	1	9	3	1030	0.00795714
11.8125	1	5	3	1030	0.0125286
11.8127	1	7	3	1030	0.0127429
11.8144	1	3	3	1030	0.0143857
11.8146	1	4	3	1030	0.0146
11.8155	1	6	3	1030	0.0155286
11.817	1	8	3	1030	0.0170286
11.828	1	10	3	1030	0.0280286
11.9074	1	1	3	1030	0.00738571
11.9075	1	2	3	1030	0.00745714
11.908	1	9	3	1030	0.00795714
11.9125	1	5	3	1030	0.0125286
11.9127	1	7	3	1030	0.0127429
11.9144	1	3	3	1030	0.0143857
11.9146	1	4	3	1030	0.0146
11.9155	1	6	3	1030	0.0155286
11.917	1	8	3	1030	0.0170286
11.933	1	10	3	1030	0.0330286
12.0079	1	9	3	1030	0.00788571
12.009	1	1	3	1030	0.00895713
12.009	1	2	3	1030	0.00902856
12.0125	1	5	3	1030	0.0125286
12.0127	1	7	3	1030	0.0127429
12.0144	1	3	3	1030	0.0143857
12.0146	1	4	3	1030	0.0146
12.0155	1	6	3	1030	0.0155286
12.017	1	8	3	1030	0.0170286
12.028	1	10	3	1030	0.0279571
12.1074	1	1	3	1030	0.00738571
12.1075	1	2	3	1030	0.00745714
12.1079	1	9	3	1030	0.00788571
12.1127	1	7	3	1030	0.0127429
12.1143	1	3	3	1030	0.0143143
12.1145	1	4	3	1030	0.0145286
12.1146	1	5	3	1030	0.0146
12.1155	1	6	3	1030	0.0155286
12.117	1	8	3	1030	0.0170286
12.128	1	10	3	1030	0.0280286
12.2074	1	1	3	1030	0.00738571
12.2075	1	2	3	1030	0.00745714
12.208	1	9	3	1030	0.00795714
12.2125	1	5	3	1030	0.0125286
12.2127	1	7	3	1030	0.0127429
12.2144	1	3	3	1030	0.0143857
12.2146	1	4	3	1030	0.0146
12.2155	1	6	3	1030	0.0155286
12.217	1	8	3	1030	0.0170286
12.228	1	10	3	1030	0.0280286
12.3074	1	1	3	1030	0.00738571
12.3075	1	2	3	1030	0.00745714
12.308	1	9	3	1030	0.00795714
12.3125	1	5	3	1030	0.0125286
12.3127	1	7	3	1030	0.0127429
12.3144	1	3	3	1030	0.0143857
12.3146	1	4	3	1030	0.0146
12.3155	1	6	3	1030	0.0155286
12.317	1	8	3	1030	0.0170286
12.333	1	10	3	1030	0.0330286
12.4079	1	9	3	1030	0.00788571
12.409	1	1	3	1030	0.00895713
12.409	1	2	3	1030	0.00902856
12.4125	1	5	3	1030	0.0125286
12.4127	1	7	3	1030	0.0127429
12.4144	1	3	3	1030	0.0143857
12.4146	1	4	3	1030	0.0146
12.4155	1	6	3	1030	0.0155286
12.417	1	8	3	1030	0.0170286
12.428	1	10	3	1030	0.0279571
12.5074	1	1	3	1030	0.00738571
12.5075	1	2	3	1030	0.00745714
12.5079	1	9	3	1030	0.00788571
12.5127	1	7	3	1030	0.0127429
12.5143	1	3	3	1030	0.0143143
12.5145	1	4	3	1030	0.0145286
12.5146	1	5	3	1030	0.0146
12.5155	1	6	3	1030	0.0155286
12.517	1	8	3	1030	0.0170286
12.528	1	10	3	1030	0.0280286
12.6074	1	1	3	1030	0.00738571
12.6075	1	2	3	1030	0.00745714
12.608	1	9	3	1030	0.00795714
12.6125	1	5	3	1030	0.0125286
12.6127	1	7	3	1030	0.0127429
12.6144	1	3	3	1030	0.0143857
12.6146	1	4	3	1030	0.0146
12.6155	1	6	3	1030	0.0155286
12.617	1	8	3	1030	0.0170286
12.628	1	10	3	1030	0.0280286
12.7074	1	1	3	1030	0.00738571
12.7075	1	2	3	1030	0.00745714
12.708	1	9	3	1030	0.00795714
12.7125	1	5	3	1030	0.0125286
12.7127	1	7	3	1030	0.0127429
12.7144	1	3	3	1030	0.0143857
12.7146	1	4	3	1030	0.0146
12.7155	1	6	3	1030	0.0155286
12.717	1	8	3	1030	0.0170286
12.733	1	10	3	1030	0.0330286
12.8079	1	9	3	1030	0.00788571
12.809	1	1	3	1030	0.00895713
12.809	1	2	3	1030	0.00902856
12.8125	1	5	3	1030	0.0125286
12.8127	1	7	3	1030	0.0127429
12.8144	1	3	3	1030	0.0143857
12.8146	1	4	3	1030	0.0146
12.8155	1	6	3	1030	0.0155286
12.817	1	8	3	1030	0.0170286
12.828	1	10	3	1030	0.0279571
12.9074	1	1	3	1030	0.00738571
12.9075	1	2	3	1030	0.00745714
12.9079	1	9	3	1030	0.00788571
12.9127	1	7	3	1030	0.0127429
12.9143	1	3	3	1030	0.0143143
12.9145	1	4	3	1030	0.0145286
12.9146	1	5	3	1030	0.0146
12.9155	1	6	3	1030	0.0155286
12.917	1	8	3	1030	0.0170286
12.928	1	10	3	1030	0.0280286
13.0074	1	1	3	1030	0.00738571
13.0075	1	2	3	1030	0.00745714
13.008	1	9	3	1030	0.00795714
13.0125	1	5	3	1030	0.0125286
13.0127	1	7	3	1030	0.0127429
13.0144	1	3	3	1030	0.0143857
13.0146	1	4	3	1030	0.0146
13.0155	1	6	3	1030	0.0155286
13.017	1	8	3	1030	0.0170286
13.028	1	10	3	1030	0.0280286
13.1074	1	1	3	1030	0.00738571
13.1075	1	2	3	1030	0.00745714
13.108	1	9	3	1030	0.00795714
13.1125	1	5	3	1030	0.0125286
13.1127	1	7	3	1030	0.0127429
13.1144	1	3	3	1030	0.0143857
13.1146	1	4	3	1030	0.0146
13.1155	1	6	3	1030	0.0155286
13.117	1	8	3	1030	0.0170286
13.133	1	10	3	1030	0.0330286
13.2079	1	9	3	1030	0.00788571
13.209	1	1	3	1030	0.00895713
13.209	1	2	3	1030	0.00902856
13.2125	1	5	3	1030	0.0125286
13.2127	1	7	3	1030	0.0127429
13.2144	1	3	3	1030	0.0143857
13.2146	1	4	3	1030	0.0146
13.2155	1	6	3	1030	0.0155286
13.217	1	8	3	1030	0.0170286
13.228	1	10	3	1030	0.0279571
13.3074	1	1	3	1030	0.00738571
13.3075	1	2	3	1030	0.00745714
13.3079	1	9	3	1030	0.00788571
13.3127	1	7	3	1030	0.0127429
13.3143	1	3	3	1030	0.0143143
13.3145	1	4	3	1030	0.0145286
13.3146	1	5	3	1030	0.0146
13.3155	1	6	3	1030	0.0155286
13.317	1	8	3	1030	0.0170286
13.328	1	10	3	1030	0.0280286
13.4074	1	1	3	1030	0.00738571
13.4075	1	2	3	1030	0.00745714
13.408	1	9	3	1030	0.00795714
13.4125	1	5	3	1030	0.0125286
13.4127	1	7	3	1030	0.0127429
13.4144	1	3	3	1030	0.0143857
13.4146	1	4	3	1030	0.0146
13.4155	1	6	3	1030	0.0155286
13.417	1	8	3	1030	0.0170286
13.428	1	10	3	1030	0.0280286
13.5074	1	1	3	1030	0.00738571
13.5075	1	2	3	1030	0.00745714
13.508	1	9	3	1030	0.00795714
13.5125	1	5	3	1030	0.0125286
13.5127	1	7	3	1030	0.0127429
13.5144	1	3	3	1030	0.0143857
13.5146	1	4	3	1030	0.0146
13.5155	1	6	3	1030	0.0155286
13.517	1	8	3	1030	0.0170286
13.533	1	10	3	1030	0.0330286
13.6079	1	9	3	1030	0.00788571
13.609	1	1	3	1030	0.00895713
13.609	1	2	3	1030	0.00902856
13.6125	1	5	3	1030	0.0125286
13.6127	1	7	3	1030	0.0127429
13.6144	1	3	3	1030	0.0143857
13.6146	1	4	3	1030	0.0146
13.6155	1	6	3	1030	0.0155286
13.617	1	8	3	1030	0.0170286
13.628	1	10	3	1030	0.0279571
13.7074	1	1	3	1030	0.00738571
13.7075	1	2	3	1030	0.00745714
13.7079	1	9	3	1030	0.00788571
13.7127	1	7	3	1030	0.0127429
13.7143	1	3	3	1030	0.0143143
13.7145	1	4	3	1030	0.0145286
13.7146	1	5	3	1030	0.0146
13.7155	1	6	3	1030	0.0155286
13.717	1	8	3	1030	0.0170286
13.728	1	10	3	1030	0.0280286
13.8074	1	1	3	1030	0.00738571
13.8075	1	2	3	1030	0.00745714
13.808	1	9	3	1030	0.00795714
13.8125	1	5	3	1030	0.0125286
13.8127	1	7	3	1030	0.0127429
13.8144	1	3	3	1030	0.0143857
13.8146	1	4	3	1030	0.0146
13.8155	1	6	3	1030	0.0155286
13.817	1	8	3	1030	0.0170286
13.828	1	10	3	1030	0.0280286
13.9074	1	1	3	1030	0.00738571
13.9075	1	2	3	1030	0.00745714
13.908	1	9	3	1030	0.00795714
13.9125	1	5	3	1030	0.0125286
13.9127	1	7	3	1030	0.0127429
13.9144	1	3	3	1030	0.0143857
13.9146	1	4	3	1030	0.0146
13.9155	1	6	3	1030	0.0155286
13.917	1	8	3	1030	0.0170286
13.933	1	10	3	1030	0.0330286
14.0079	1	9	3	1030	0.00788571
14.009	1	1	3	1030	0.00895713
14.009	1	2	3	1030	0.00902856
14.0126	1	5	3	1030	0.0126
14.0127	1	7	3	1030	0.0126714
14.0137	1	4	3	1030	0.0137429
14.0143	1	3	3	1030	0.0143143
14.016	1	8	3	1030	0.0160286
14.0205	1	6	3	1030	0.0204571
14.027	1	10	3	1030	0.0270286
14.1074	1	1	3	1030	0.00738571
14.1075	1	2	3	1030	0.00745714
14.1079	1	9	3	1030	0.00788571
14.1127	1	7	3	1030	0.0127429
14.1143	1	3	3	1030	0.0143143
14.1145	1	4	3	1030	0.0145286
14.1146	1	5	3	1030	0.0146
14.1155	1	6	3	1030	0.0155286
14.117	1	8	3	1030	0.0170286
14.128	1	10	3	1030	0.0280286
14.2074	1	1	3	1030	0.00738571
14.2075	1	2	3	1030	0.00745714
14.208	1	9	3	1030	0.00795714
14.2125	1	5	3	1030	0.0125286
14.2127	1	7	3	1030	0.0127429
14.2144	1	3	3	1030	0.0143857
14.2146	1	4	3	1030	0.0146
14.2155	1	6	3	1030	0.0155286
14.217	1	8	3	1030	0.0170286
14.228	1	10	3	1030	0.0280286
14.3074	1	1	3	1030	0.00738571
14.3075	1	2	3	1030	0.00745714
14.308	1	9	3	1030	0.00795714
14.3125	1	5	3	1030	0.0125286
14.3127	1	7	3	1030	0.0127429
14.3144	1	3	3	1030	0.0143857
14.3146	1	4	3	1030	0.0146
14.3155	1	6	3	1030	0.0155286
14.317	1	8	3	1030	0.0170286
14.333	1	10	3	1030	0.0330286
14.4079	1	9	3	1030	0.00788571
14.409	1	1	3	1030	0.00895713
14.409	1	2	3	1030	0.00902856
14.4125	1	5	3	1030	0.0125286
14.4127	1	7	3	1030	0.0127429
14.4144	1	3	3	1030	0.0143857
14.4146	1	4	3	1030	0.0146
14.4155	1	6	3	1030	0.0155286
14.417	1	8	3	1030	0.0170286
14.428	1	10	3	1030	0.0279571
14.5074	1	1	3	1030	0.00738571
14.5075	1	2	3	1030	0.00745714
14.5079	1	9	3	1030	0.00788571
14.5127	1	7	3	1030	0.0127429
14.5143	1	3	3	1030	0.0143143
14.5145	1	4	3	1030	0.0145286
14.5146	1	5	3	1030	0.0146
14.5155	1	6	3	1030	0.0155286
14.517	1	8	3	1030	0.0170286
14.528	1	10	3	1030	0.0280286
14.6074	1	1	3	1030	0.00738571
14.6075	1	2	3	1030	0.00745714
14.608	1	9	3	1030	0.00795714
14.6125	1	5	3	1030	0.0125286
14.6127	1	7	3	1030	0.0127429
14.6144	1	3	3	1030	0.0143857
14.6146	1	4	3	1030	0.0146
14.6155	1	6	3	1030	0.0155286
14.617	1	8	3	1030	0.0170286
14.628	1	10	3	1030	0.0280286
14.7074	1	1	3	1030	0.00738571
14.7075	1	2	3	1030	0.00745714
14.708	1	9	3	1030	0.00795714
14.7125	1	5	3	1030	0.0125286
14.7127	1	7	3	1030	0.0127429
14.7144	1	3	3	1030	0.0143857
14.7146	1	4	3	1030	0.0146
14.7155	1	6	3	1030	0.0155286
14.717	1	8	3	1030	0.0170286
14.733	1	10	3	1030	0.0330286
14.8079	1	9	3	1030	0.00788571
14.809	1	1	3	1030	0.00895713
14.809	1	2	3	1030	0.00902856
14.8125	1	5	3	1030	0.0125286
14.8127	1	7	3	1030	0.0127429
14.8144	1	3	3	1030	0.0143857
14.8146	1	4	3	1030	0.0146
14.8155	1	6	3	1030	0.0155286
14.817	1	8	3	1030	0.0170286
14.828	1	10	3	1030	0.0279571
14.9074	1	1	3	1030	0.00738571
14.9075	1	2	3	1030	0.00745714
14.9079	1	9	3	1030	0.00788571
14.9127	1	7	3	1030	0.0127429
14.9143	1	3	3	1030	0.0143143
14.9145	1	4	3	1030	0.0145286
14.9146	1	5	3	1030	0.0146
14.9155	1	6	3	1030	0.0155286
14.917	1	8	3	1030	0.0170286
14.928	1	10	3	1030	0.0280286
15.0074	1	1	3	1030	0.00738571
15.0075	1	2	3	1030	0.00745714
15.008	1	9	3	1030	0.00795714
15.0125	1	5	3	1030	0.0125286
15.0127	1	7	3	1030	0.0127429
15.0144	1	3	3	1030	0.0143857
15.0146	1	4	3	1030	0.0146
15.0155	1	6	3	1030	0.0155286
15.017	1	8	3	1030	0.0170286
15.028	1	10	3	1030	0.0280286
15.1074	1	1	3	1030	0.00738571
15.1075	1	2	3	1030	0.00745714
15.108	1	9	3	1030	0.00795714
15.1125	1	5	3	1030	0.0125286
15.1127	1	7	3	1030	0.0127429
15.1144	1	3	3	1030	0.0143857
15.1146	1	4	3	1030	0.0146
15.1155	1	6	3	1030	0.0155286
15.117	1	8	3	1030	0.0170286
15.133	1	10	3	1030	0.0330286
15.2079	1	9	3	1030	0.00788571
15.209	1	1	3	1030	0.00895713
15.209	1	2	3	1030	0.00902856
15.2125	1	5	3	1030	0.0125286
15.2127	1	7	3	1030	0.0127429
15.2144	1	3	3	1030	0.0143857
15.2146	1	4	3	1030	0.0146
15.2155	1	6	3	1030	0.0155286
15.217	1	8	3	1030	0.0170286
15.228	1	10	3	1030	0.0279571
15.3074	1	1	3	1030	0.00738571
15.3075	1	2	3	1030	0.00745714
15.3079	1	9	3	1030	0.00788571
15.3127	1	7	3	1030	0.0127429
15.3143	1	3	3	1030	0.0143143
15.3145	1	4	3	1030	0.0145286
15.3146	1	5	3	1030	0.0146
15.3155	1	6	3	1030	0.0155286
15.317	1	8	3	1030	0.0170286
15.328	1	10	3	1030	0.0280286
15.4074	1	1	3	1030	0.00738571
15.4075	1	2	3	1030	0.00745714
15.408	1	9	3	1030	0.00795714
15.4125	1	5	3	1030	0.0125286
15.4127	1	7	3	1030	0.0127429
15.4144	1	3	3	1030	0.0143857
15.4146	1	4	3	1030	0.0146
15.4155	1	6	3	1030	0.0155286
15.417	1	8	3	1030	0.0170286
15.428	1	10	3	1030	0.0280286
15.5074	1	1	3	1030	0.00738571
15.5075	1	2	3	1030	0.00745714
15.508	1	9	3	1030	0.00795714
15.5125	1	5	3	1030	0.0125286
15.5127	1	7	3	1030	0.0127429
15.5144	1	3	3	1030	0.0143857
15.5146	1	4	3	1030	0.0146
15.5155	1	6	3	1030	0.0155286
15.517	1	8	3	1030	0.0170286
15.533	1	10	3	1030	0.0330286
15.6079	1	9	3	1030	0.00788571
15.609	1	1	3	1030	0.00895713
15.609	1	2	3	1030	0.00902856
15.6125	1	5	3	1030	0.0125286
15.6127	1	7	3	1030	0.0127429
15.6144	1	3	3	1030	0.0143857
15.6146	1	4	3	1030	0.0146
15.6155	1	6	3	1030	0.0155286
15.617	1	8	3	1030	0.0170286
15.628	1	10	3	1030	0.0279571
15.7074	1	1	3	1030	0.00738571
15.7075	1	2	3	1030	0.00745714
15.7079	1	9	3	1030	0.00788571
15.7127	1	7	3	1030	0.0127429
15.7143	1	3	3	1030	0.0143143
15.7145	1	4	3	1030	0.0145286
15.7146	1	5	3	1030	0.0146
15.7155	1	6	3	1030	0.0155286
15.717	1	8	3	1030	0.0170286
15.728	1	10	3	1030	0.0280286
15.8074	1	1	3	1030	0.00738571
15.8075	1	2	3	1030	0.00745714
15.808	1	9	3	1030	0.00795714
15.8125	1	5	3	1030	0.0125286
15.8127	1	7	3	1030	0.0127429
15.8144	1	3	3	1030	0.0143857
15.8146	1	4	3	1030	0.0146
15.8155	1	6	3	1030	0.0155286
15.817	1	8	3	1030	0.0170286
15.828	1	10	3	1030	0.0280286
15.9074	1	1	3	1030	0.00738571
15.9075	1	2	3	1030	0.00745714
15.908	1	9	3	1030	0.00795714
15.9125	1	5	3	1030	0.0125286
15.9127	1	7	3	1030	0.0127429
15.9144	1	3	3	1030	0.0143857
15.9146	1	4	3	1030	0.0146
15.9155	1	6	3	1030	0.0155286
15.917	1	8	3	1030	0.0170286
15.933	1	10	3	1030	0.0330286
16.0079	1	9	3	1030	0.00788571
16.009	1	1	3	1030	0.00895713
16.009	1	2	3	1030	0.00902856
16.0125	1	5	3	1030	0.0125286
16.0127	1	7	3	1030	0.0127429
16.0144	1	3	3	1030	0.0143857
16.0146	1	4	3	1030	0.0146
16.0155	1	6	3	1030	0.0155286
16.017	1	8	3	1030	0.0170286
16.028	1	10	3	1030	0.0279571
16.1074	1	1	3	1030	0.00738571
16.1075	1	2	3	1030	0.00745714
16.1079	1	9	3	1030	0.00788571
16.1127	1	7	3	1030	0.0127429
16.1143	1	3	3	1030	0.0143143
16.1145	1	4	3	1030	0.0145286
16.1146	1	5	3	1030	0.0146
16.1155	1	6	3	1030	0.0155286
16.117	1	8	3	1030	0.0170286
16.128	1	10	3	1030	0.0280286
16.2074	1	1	3	1030	0.00738571
16.2075	1	2	3	1030	0.00745714
16.208	1	9	3	1030	0.00795714
16.2125	1	5	3	1030	0.0125286
16.2127	1	7	3	1030	0.0127429
16.2144	1	3	3	1030	0.0143857
16.2146	1	4	3	1030	0.0146
16.2155	1	6	3	1030	0.0155286
16.217	1	8	3	1030	0.0170286
16.228	1	10	3	1030	0.0280286
16.3074	1	1	3	1030	0.00738571
16.3075	1	2	3	1030	0.00745714
16.308	1	9	3	1030	0.00795714
16.3125	1	5	3	1030	0.0125286
16.3127	1	7	3	1030	0.0127429
16.3144	1	3	3	1030	0.0143857
16.3146	1	4	3	1030	0.0146
16.3155	1	6	3	1030	0.0155286
16.317	1	8	3	1030	0.0170286
16.333	1	10	3	1030	0.0330286
16.4079	1	9	3	1030	0.00788571
16.409	1	1	3	1030	0.00895713
16.409	1	2	3	1030	0.00902856
16.4125	1	5	3	1030	0.0125286
16.4127	1	7	3	1030	0.0127429
16.4144	1	3	3	1030	0.0143857
16.4146	1	4	3	1030	0.0146
16.4155	1	6	3	1030	0.0155286
16.417	1	8	3	1030	0.0170286
16.428	1	10	3	1030	0.0279571
16.5074	1	1	3	1030	0.00738571
16.5075	1	2	3	1030	0.00745714
16.5079	1	9	3	1030	0.00788571
16.5127	1	7	3	1030	0.0127429
16.5143	1	3	3	1030	0.0143143
16.5145	1	4	3	1030	0.0145286
16.5146	1	5	3	1030	0.0146
16.5155	1	6	3	1030	0.0155286
16.517	1	8	3	1030	0.0170286
16.528	1	10	3	1030	0.0280286
16.6074	1	1	3	1030	0.00738571
16.6075	1	2	3	1030	0.00745714
16.608	1	9	3	1030	0.00795714
16.6125	1	5	3	1030	0.0125286
16.6127	1	7	3	1030	0.0127429
16.6144	1	3	3	1030	0.0143857
16.6146	1	4	3	1030	0.0146
16.6155	1	6	3	1030	0.0155286
16.617	1	8	3	1030	0.0170286
16.628	1	10	3	1030	0.0280286
16.7074	1	1	3	1030	0.00738571
16.7075	1	2	3	1030	0.00745714
16.708	1	9	3	1030	0.00795714
16.7125	1	5	3	1030	0.0125286
16.7127	1	7	3	1030	0.0127429
16.7144	1	3	3	1030	0.0143857
16.7146	1	4	3	1030	0.0146
16.7155	1	6	3	1030	0.0155286
16.717	1	8	3	1030	0.0170286
16.733	1	10	3	1030	0.0330286
16.8079	1	9	3	1030	0.00788571
16.809	1	1	3	1030	0.00895713
16.809	1	2	3	1030	0.00902856
16.8125	1	5	3	1030	0.0125286
16.8127	1	7	3	1030	0.0127429
16.8144	1	3	3	1030	0.0143857
16.8146	1	4	3	1030	0.0146
16.8155	1	6	3	1030	0.0155286
16.817	1	8	3	1030	0.0170286
16.828	1	10	3	1030	0.0279571
16.9074	1	1	3	1030	0.00738571
16.9075	1	2	3	1030	0.00745714
16.9079	1	9	3	1030	0.00788571
16.9127	1	7	3	1030	0.0127429
16.9143	1	3	3	1030	0.0143143
16.9145	1	4	3	1030	0.0145286
16.9146	1	5	3	1030	0.0146
16.9155	1	6	3	1030	0.0155286
16.917	1	8	3	1030	0.0170286
16.928	1	10	3	1030	0.0280286
17.0074	1	1	3	1030	0.00738571
17.0075	1	2	3	1030	0.00745714
17.008	1	9	3	1030	0.00795714
17.0126	1	5	3	1030	0.0126
17.0127	1	7	3	1030	0.0126714
17.0137	1	4	3	1030	0.0137429
17.0143	1	3	3	1030	0.0143143
17.016	1	8	3	1030	0.0160286
17.0203	1	6	3	1030	0.0203143
17.027	1	10	3	1030	0.0270286
17.1074	1	1	3	1030	0.00738571
17.1075	1	2	3	1030	0.00745714
17.108	1	9	3	1030	0.00795714
17.1125	1	5	3	1030	0.0125286
17.1127	1	7	3	1030	0.0127429
17.1144	1	3	3	1030	0.0143857
17.1146	1	4	3	1030	0.0146
17.1155	1	6	3	1030	0.0155286
17.117	1	8	3	1030	0.0170286
17.133	1	10	3	1030	0.0330286
17.2079	1	9	3	1030	0.00788571
17.209	1	1	3	1030	0.00895713
17.209	1	2	3	1030	0.00902856
17.2125	1	5	3	1030	0.0125286
17.2127	1	7	3	1030	0.0127429
17.2144	1	3	3	1030	0.0143857
17.2146	1	4	3	1030	0.0146
17.2155	1	6	3	1030	0.0155286
17.217	1	8	3	1030	0.0170286
17.228	1	10	3	1030	0.0279571
17.3074	1	1	3	1030	0.00738571
17.3075	1	2	3	1030	0.00745714
17.3079	1	9	3	1030	0.00788571
17.3127	1	7	3	1030	0.0127429
17.3143	1	3	3	1030	0.0143143
17.3145	1	4	3	1030	0.0145286
17.3146	1	5	3	1030	0.0146
17.3155	1	6	3	1030	0.0155286
17.317	1	8	3	1030	0.0170286
17.328	1	10	3	1030	0.0280286
17.4074	1	1	3	1030	0.00738571
17.4075	1	2	3	1030	0.00745714
17.408	1	9	3	1030	0.00795714
17.4125	1	5	3	1030	0.0125286
17.4127	1	7	3	1030	0.0127429
17.4144	1	3	3	1030	0.0143857
17.4146	1	4	3	1030	0.0146
17.4155	1	6	3	1030	0.0155286
17.417	1	8	3	1030	0.0170286
17.428	1	10	3	1030	0.0280286
17.5074	1	1	3	1030	0.00738571
17.5075	1	2	3	1030	0.00745714
17.508	1	9	3	1030	0.00795714
17.5125	1	5	3	1030	0.0125286
17.5127	1	7	3	1030	0.0127429
17.5144	1	3	3	1030	0.0143857
17.5146	1	4	3	1030	0.0146
17.5155	1	6	3	1030	0.0155286
17.517	1	8	3	1030	0.0170286
17.533	1	10	3	1030	0.0330286
17.6079	1	9	3	1030	0.00788571
17.609	1	1	3	1030	0.00895713
17.609	1	2	3	1030	0.00902856
17.6125	1	5	3	1030	0.0125286
17.6127	1	7	3	1030	0.0127429
17.6144	1	3	3	1030	0.0143857
17.6146	1	4	3	1030	0.0146
17.6155	1	6	3	1030	0.0155286
17.617	1	8	3	1030	0.0170286
17.628	1	10	3	1030	0.0279571
17.7074	1	1	3	1030	0.00738571
17.7075	1	2	3	1030	0.00745714
17.7079	1	9	3	1030	0.00788571
17.7127	1	7	3	1030	0.0127429
17.7143	1	3	3	1030	0.0143143
17.7145	1	4	3	1030	0.0145286
17.7146	1	5	3	1030	0.0146
17.7155	1	6	3	1030	0.0155286
17.717	1	8	3	1030	0.0170286
17.728	1	10	3	1030	0.0280286
17.8074	1	1	3	1030	0.00738571
17.8075	1	2	3	1030	0.00745714
17.808	1	9	3	1030	0.00795714
17.8125	1	5	3	1030	0.0125286
17.8127	1	7	3	1030	0.0127429
17.8144	1	3	3	1030	0.0143857
17.8146	1	4	3	1030	0.0146
17.8155	1	6	3	1030	0.0155286
17.817	1	8	3	1030	0.0170286
17.828	1	10	3	1030	0.0280286
17.9074	1	1	3	1030	0.00738571
17.9075	1	2	3	1030	0.00745714
17.908	1	9	3	1030	0.00795714
17.9125	1	5	3	1030	0.0125286
17.9127	1	7	3	1030	0.0127429
17.9144	1	3	3	1030	0.0143857
17.9146	1	4	3	1030	0.0146
17.9155	1	6	3	1030	0.0155286
17.917	1	8	3	1030	0.0170286
17.933	1	10	3	1030	0.0330286
18.0079	1	9	3	1030	0.00788571
18.009	1	1	3	1030	0.00895713
18.009	1	2	3	1030	0.00902856
18.0125	1	5	3	1030	0.0125286
18.0127	1	7	3	1030	0.0127429
18.0144	1	3	3	1030	0.0143857
18.0146	1	4	3	1030	0.0146
18.0155	1	6	3	1030	0.0155286
18.017	1	8	3	1030	0.0170286
18.028	1	10	3	1030	0.0279571
18.1074	1	1	3	1030	0.00738571
18.1075	1	2	3	1030	0.00745714
18.1079	1	9	3	1030	0.00788571
18.1127	1	7	3	1030	0.0127429
18.1143	1	3	3	1030	0.0143143
18.1145	1	4	3	1030	0.0145286
18.1146	1	5	3	1030	0.0146
18.1155	1	6	3	1030	0.0155286
18.117	1	8	3	1030	0.0170286
18.128	1	10	3	1030	0.0280286
18.2074	1	1	3	1030	0.00738571
18.2075	1	2	3	1030	0.00745714
18.208	1	9	3	1030	0.00795714
18.2125	1	5	3	1030	0.0125286
18.2127	1	7	3	1030	0.0127429
18.2144	1	3	3	1030	0.0143857
18.2146	1	4	3	1030	0.0146
18.2155	1	6	3	1030	0.0155286
18.217	1	8	3	1030	0.0170286
18.228	1	10	3	1030	0.0280286
18.3074	1	1	3	1030	0.00738571
18.3075	1	2	3	1030	0.00745714
18.308	1	9	3	1030	0.00795714
18.3125	1	5	3	1030	0.0125286
18.3127	1	7	3	1030	0.0127429
18.3144	1	3	3	1030	0.0143857
18.3146	1	4	3	1030	0.0146
18.3155	1	6	3	1030	0.0155286
18.317	1	8	3	1030	0.0170286
18.333	1	10	3	1030	0.0330286
18.4079	1	9	3	1030	0.00788571
18.409	1	1	3	1030	0.00895713
18.409	1	2	3	1030	0.00902856
18.4126	1	5	3	1030	0.0126
18.4127	1	7	3	1030	0.0126714
18.4137	1	4	3	1030	0.0137429
18.4143	1	3	3	1030	0.0143143
18.416	1	8	3	1030	0.0160286
18.4205	1	6	3	1030	0.0204571
18.427	1	10	3	1030	0.0270286
18.5074	1	1	3	1030	0.00738571
18.5075	1	2	3	1030	0.00745714
18.5079	1	9	3	1030	0.00788571
18.5127	1	7	3	1030	0.0127429
18.5143	1	3	3	1030	0.0143143
18.5145	1	4	3	1030	0.0145286
18.5146	1	5	3	1030	0.0146
18.5155	1	6	3	1030	0.0155286
18.517	1	8	3	1030	0.0170286
18.528	1	10	3	1030	0.0280286
18.6074	1	1	3	1030	0.00738571
18.6075	1	2	3	1030	0.00745714
18.608	1	9	3	1030	0.00795714
18.6125	1	5	3	1030	0.0125286
18.6127	1	7	3	1030	0.0127429
18.6144	1	3	3	1030	0.0143857
18.6146	1	4	3	1030	0.0146
18.6155	1	6	3	1030	0.0155286
18.617	1	8	3	1030	0.0170286
18.628	1	10	3	1030	0.0280286
18.7074	1	1	3	1030	0.00738571
18.7075	1	2	3	1030	0.00745714
18.708	1	9	3	1030	0.00795714
18.7125	1	5	3	1030	0.0125286
18.7127	1	7	3	1030	0.0127429
18.7144	1	3	3	1030	0.0143857
18.7146	1	4	3	1030	0.0146
18.7155	1	6	3	1030	0.0155286
18.717	1	8	3	1030	0.0170286
18.733	1	10	3	1030	0.0330286
18.8079	1	9	3	1030	0.00788571
18.809	1	1	3	1030	0.00895713
18.809	1	2	3	1030	0.00902856
18.8125	1	5	3	1030	0.0125286
18.8127	1	7	3	1030	0.0127429
18.8144	1	3	3	1030	0.0143857
18.8146	1	4	3	1030	0.0146
18.8155	1	6	3	1030	0.0155286
18.817	1	8	3	1030	0.0170286
18.828	1	10	3	1030	0.0279571
18.9074	1	1	3	1030	0.00738571
18.9075	1	2	3	1030	0.00745714
18.9079	1	9	3	1030	0.00788571
18.9127	1	7	3	1030	0.0127429
18.9143	1	3	3	1030	0.0143143
18.9145	1	4	3	1030	0.0145286
18.9146	1	5	3	1030	0.0146
18.9155	1	6	3	1030	0.0155286
18.917	1	8	3	1030	0.0170286
18.928	1	10	3	1030	0.0280286
19.0074	1	1	3	1030	0.00738571
19.0075	1	2	3	1030	0.00745714
19.008	1	9	3	1030	0.00795714
19.0125	1	5	3	1030	0.0125286
19.0127	1	7	3	1030	0.0127429
19.0144	1	3	3	1030	0.0143857
19.0146	1	4	3	1030	0.0146
19.0155	1	6	3	1030	0.0155286
19.017	1	8	3	1030	0.0170286
19.028	1	10	3	1030	0.0280286
19.1074	1	1	3	1030	0.00738571
19.1075	1	2	3	1030	0.00745714
19.108	1	9	3	1030	0.00795714
19.1125	1	5	3	1030	0.0125286
19.1127	1	7	3	1030	0.0127429
19.1144	1	3	3	1030	0.0143857
19.1146	1	4	3	1030	0.0146
19.1155	1	6	3	1030	0.0155286
19.117	1	8	3	1030	0.0170286
19.133	1	10	3	1030	0.0330286
19.2079	1	9	3	1030	0.00788571
19.209	1	1	3	1030	0.00895713
19.209	1	2	3	1030	0.00902856
19.2125	1	5	3	1030	0.0125286
19.2127	1	7	3	1030	0.0127429
19.2144	1	3	3	1030	0.0143857
19.2146	1	4	3	1030	0.0146
19.2155	1	6	3	1030	0.0155286
19.217	1	8	3	1030	0.0170286
19.228	1	10	3	1030	0.0279571
19.3074	1	1	3	1030	0.00738571
19.3075	1	2	3	1030	0.00745714
19.3079	1	9	3	1030	0.00788571
19.3127	1	7	3	1030	0.0127429
19.3143	1	3	3	1030	0.0143143
19.3145	1	4	3	1030	0.0145286
19.3146	1	5	3	1030	0.0146
19.3155	1	6	3	1030	0.0155286
19.317	1	8	3	1030	0.0170286
19.328	1	10	3	1030	0.0280286
19.4074	1	1	3	1030	0.00738571
19.4075	1	2	3	1030	0.00745714
19.408	1	9	3	1030	0.00795714
19.4125	1	5	3	1030	0.0125286
19.4127	1	7	3	1030	0.0127429
19.4144	1	3	3	1030	0.0143857
19.4146	1	4	3	1030	0.0146
19.4155	1	6	3	1030	0.0155286
19.417	1	8	3	1030	0.0170286
19.428	1	10	3	1030	0.0280286
19.5074	1	1	3	1030	0.00738571
19.5075	1	2	3	1030	0.00745714
19.508	1	9	3	1030	0.00795714
19.5125	1	5	3	1030	0.0125286
19.5127	1	7	3	1030	0.0127429
19.5144	1	3	3	1030	0.0143857
19.5146	1	4	3	1030	0.0146
19.5155	1	6	3	1030	0.0155286
19.517	1	8	3	1030	0.0170286
19.533	1	10	3	1030	0.0330286
19.6079	1	9	3	1030	0.00788571
19.609	1	1	3	1030	0.00895713
19.609	1	2	3	1030	0.00902856
19.6125	1	5	3	1030	0.0125286
19.6127	1	7	3	1030	0.0127429
19.6144	1	3	3	1030	0.0143857
19.6146	1	4	3	1030	0.0146
19.6155	1	6	3	1030	0.0155286
19.617	1	8	3	1030	0.0170286
19.628	1	10	3	1030	0.0279571
19.7074	1	1	3	1030	0.00738571
19.7075	1	2	3	1030	0.00745714
19.7079	1	9	3	1030	0.00788571
19.7127	1	7	3	1030	0.0127429
19.7143	1	3	3	1030	0.0143143
19.7145	1	4	3	1030	0.0145286
19.7146	1	5	3	1030	0.0146
19.7155	1	6	3	1030	0.0155286
19.717	1	8	3	1030	0.0170286
19.728	1	10	3	1030	0.0280286
19.8074	1	1	3	1030	0.00738571
19.8075	1	2	3	1030	0.00745714
19.808	1	9	3	1030	0.00795714
19.8125	1	5	3	1030	0.0125286
19.8127	1	7	3	1030	0.0127429
19.8144	1	3	3	1030	0.0143857
19.8146	1	4	3	1030	0.0146
19.8155	1	6	3	1030	0.0155286
19.817	1	8	3	1030	0.0170286
19.828	1	10	3	1030	0.0280286
19.9074	1	1	3	1030	0.00738571
19.9075	1	2	3	1030	0.00745714
19.908	1	9	3	1030	0.00795714
19.9125	1	5	3	1030	0.0125286
19.9127	1	7	3	1030	0.0127429
19.9144	1	3	3	1030	0.0143857
19.9146	1	4	3	1030	0.0146
19.9155	1	6	3	1030	0.0155286
19.917	1	8	3	1030	0.0170286
19.933	1	10	3	1030	0.0330286
